# Q(1/A)  I_MAP  dI_MAP
2.628799999999998954e-04 1.307538858942887280e+06 1.269997609294466092e+05
2.675046323149817928e-04 1.339062184767310508e+06 1.260900924528841279e+05
2.722106219947262296e-04 1.370449826881110668e+06 1.251479427982588531e+05
2.769994002926497710e-04 1.401653159252144396e+06 1.241731494768354896e+05
2.818724236410365450e-04 1.432622445463162381e+06 1.231656094660649542e+05
2.868311740939907752e-04 1.463306941291053314e+06 1.221252813996667101e+05
2.918771597781784919e-04 1.493655004543604562e+06 1.210521875936616852e+05
2.970119153515020805e-04 1.523614211986610666e+06 1.199464158942982613e+05
3.022370024698421069e-04 1.553131483153304551e+06 1.188081213342014817e+05
3.075540102620107270e-04 1.582153210785967065e+06 1.176375275836610381e+05
3.129645558130605553e-04 1.610625397617322626e+06 1.164349281845942314e+05
3.184702846560951957e-04 1.638493799156401074e+06 1.152006875554200233e+05
3.240728712727342000e-04 1.665704072100754129e+06 1.139352417559052556e+05
3.297740196023783319e-04 1.692201927954087267e+06 1.126390990019095480e+05
3.355754635604376603e-04 1.717933291386184515e+06 1.113128399209320487e+05
3.414789675656743767e-04 1.742844462830301840e+06 1.099571175404324458e+05
3.474863270768235109e-04 1.766882284772661515e+06 1.085726570019789651e+05
3.535993691386534149e-04 1.789994311149423011e+06 1.071602549955415307e+05
3.598199529376329290e-04 1.812128979228759184e+06 1.057207789095172920e+05
3.661499703673751780e-04 1.833235783319983631e+06 1.042551656933283521e+05
3.725913466040254533e-04 1.853265449618063867e+06 1.027644204310033529e+05
3.791460406917750007e-04 1.872170111460971180e+06 1.012496146254719497e+05
3.858160461386732657e-04 1.889903484249126632e+06 9.971188419488004001e+04
3.926033915229225845e-04 1.906421039251284441e+06 9.815242718378522841e+04
3.995101411098382800e-04 1.921680175499705365e+06 9.657250119366070430e+04
4.065383954796626524e-04 1.935640388959748670e+06 9.497342053875057900e+04
4.136902921664251998e-04 1.948263438145292457e+06 9.335655313495849259e+04
4.209680063080379394e-04 1.959513505342015997e+06 9.172331713107485848e+04
4.283737513078311743e-04 1.969357352595709264e+06 9.007517729320132639e+04
4.359097795077255155e-04 1.977764471622663550e+06 8.841364115497830790e+04
4.435783828732461020e-04 1.984707226804019418e+06 8.674025494758786226e+04
4.513818936905887569e-04 1.990160990435983054e+06 8.505659932521248993e+04
4.593226852759474421e-04 1.994104269423008896e+06 8.336428490289153706e+04
4.674031726973237508e-04 1.996518822621645872e+06 8.166494762532557070e+04
4.756258135090291571e-04 1.997389768068861682e+06 7.996024398620672582e+04
4.839931084991136640e-04 1.996705679360103561e+06 7.825184611908455554e+04
4.925076024499411634e-04 1.994458670479442459e+06 7.654143678166723112e+04
5.011718849121454215e-04 1.990644468426514883e+06 7.483070425647926459e+04
5.099885909922013136e-04 1.985262473032795824e+06 7.312133719163159549e+04
5.189604021538510780e-04 1.978315803412689595e+06 7.141501940604533593e+04
5.280900470336315948e-04 1.969811330552969826e+06 6.971342468382434163e+04
5.373803022707437623e-04 1.959759695606901776e+06 6.801821158317579830e+04
5.468339933515259680e-04 1.948175313526711427e+06 6.633101828490069602e+04
5.564539954687812385e-04 1.935076361739750486e+06 6.465345750579287414e+04
5.662432343962222865e-04 1.920484753649059683e+06 6.298711150184734288e+04
5.762046873783001951e-04 1.904426096817996819e+06 6.133352718591047596e+04
5.863413840356865954e-04 1.886929635780539829e+06 5.969421138351361151e+04
5.966564072866850513e-04 1.868028179503372405e+06 5.807062625021493295e+04
6.071528942848553869e-04 1.847758013612309238e+06 5.646418487247854500e+04
6.178340373731258011e-04 1.826158797583600739e+06 5.487624707322382892e+04
6.287030850546972138e-04 1.803273447189483326e+06 5.330811544186229730e+04
6.397633429810239058e-04 1.779148002576430794e+06 5.176103160727878276e+04
6.510181749571761949e-04 1.753831482443214161e+06 5.023617277075483435e+04
6.624710039648880767e-04 1.727375724873658735e+06 4.873464851436926983e+04
6.741253132036073917e-04 1.699835215464805253e+06 4.725749789881429024e+04
6.859846471498516618e-04 1.671266903474939056e+06 4.580568686294724466e+04
6.980526126352087348e-04 1.641730006796308560e+06 4.438010593615133257e+04
7.103328799432973061e-04 1.611285806634349981e+06 4.298156827249652997e+04
7.228291839260267805e-04 1.579997432847494725e+06 4.161080801511438767e+04
7.355453251394940967e-04 1.547929640969124623e+06 4.026847899714115920e+04
7.484851709998638055e-04 1.515148581994920503e+06 3.895515378489480645e+04
7.616526569595811688e-04 1.481721566074366448e+06 3.767132306763617817e+04
7.750517877042825687e-04 1.447716821293784771e+06 3.641739539775426965e+04
7.886866383707528830e-04 1.413203248779749963e+06 3.519369728372312966e+04
8.025613557863182966e-04 1.378250175385185285e+06 3.400047363851722912e+04
8.166801597300381906e-04 1.342927105245911051e+06 3.283788858479173359e+04
8.310473442160855534e-04 1.307303471512185642e+06 3.170602661789738340e+04
8.456672787997030838e-04 1.271448389567945153e+06 3.060489412725247166e+04
8.605444099061390672e-04 1.235430413049130468e+06 2.953442127626065485e+04
8.756832621829534462e-04 1.199317293962600874e+06 2.849446423929848606e+04
8.910884398761216964e-04 1.163175748187344288e+06 2.748480779433244970e+04
9.067646282303438391e-04 1.127071227611190639e+06 2.650516826750150722e+04
9.227165949139888058e-04 1.091067700118200388e+06 2.555519682440742326e+04
9.389491914691063153e-04 1.055227438595117535e+06 2.463448310084513287e+04
9.554673547869477505e-04 1.019610820069591049e+06 2.374255916234558390e+04
9.722761086094437039e-04 9.842761360291899182e+05 2.287890377859320506e+04
9.893805650571007096e-04 9.492794148977859877e+05 2.204294699515412867e+04
1.006785926183767325e-03 9.146742575670909137e+05 2.123407497958729437e+04
1.024497485558761465e-03 8.805116867944467813e+05 2.045163511451487284e+04
1.042520629876825733e-03 8.468400111855240539e+05 1.969494130458874133e+04
1.060860840596406342e-03 8.137047043826924637e+05 1.896327945875363730e+04
1.079523695606757075e-03 7.811482999768592417e+05 1.825591310346508544e+04
1.098514870924360929e-03 7.492103025536360219e+05 1.757208907700333657e+04
1.117840142419206356e-03 7.179271151753580198e+05 1.691104325086442623e+04
1.137505387571427235e-03 6.873319834878202528e+05 1.627200621848060291e+04
1.157516587258846730e-03 6.574549565278626978e+05 1.565420889030414946e+04
1.177879827575967989e-03 6.283228641941789538e+05 1.505688793012926726e+04
1.198601301684965080e-03 5.999593112306296825e+05 1.447929096839433805e+04
1.219687311699236415e-03 5.723846874610465020e+05 1.392068152792649380e+04
1.241144270600093562e-03 5.456161939046010375e+05 1.338034360052016564e+04
1.262978704187174605e-03 5.196678842970896512e+05 1.285758581553656950e+04
1.285197253063155793e-03 4.945507214421723038e+05 1.235174514800725046e+04
1.307806674653394247e-03 4.702726477215606719e+05 1.186219011925866653e+04
1.330813845261089989e-03 4.468386690044347197e+05 1.138832345122579318e+04
1.354225762158607627e-03 4.242509511136934161e+05 1.092958414368882404e+04
1.378049545715590452e-03 4.025089279326982796e+05 1.048544895318477029e+04
1.402292441564504223e-03 3.816094201695770025e+05 1.005543326156223338e+04
1.426961822804286972e-03 3.615467637394666672e+05 9.639091331923265898e+03
1.452065192242761420e-03 3.423129466753453016e+05 9.236015959151998686e+03
1.477610184678497616e-03 3.238977534418813884e+05 8.845837531585582838e+03
1.503604569222816417e-03 3.062889154959283769e+05 8.468222529115761063e+03
1.530056251662645491e-03 2.894722669199630618e+05 8.102871490871565584e+03
1.556973276864939953e-03 2.734319039471112192e+05 7.749516494242649060e+03
1.584363831223401615e-03 2.581503471949100494e+05 7.407918191792532525e+03
1.612236245148250622e-03 2.436087054413855076e+05 7.077862461344487201e+03
1.640598995599778457e-03 2.297868397939652205e+05 6.759156728587249745e+03
1.669460708666491806e-03 2.166635271349772811e+05 6.451626026150747748e+03
1.698830162188599488e-03 2.042166217669993639e+05 6.155108859706750991e+03
1.728716288427654740e-03 1.924232142282351851e+05 5.869452954266315828e+03
1.759128176783170995e-03 1.812597863056063652e+05 5.594510958307034343e+03
1.790075076557009343e-03 1.707023613345474005e+05 5.330136187069245352e+03
1.821566399766417609e-03 1.607266489463001490e+05 5.076178490366835831e+03
1.853611724006546356e-03 1.513081834957152605e+05 4.832480330892636630e+03
1.886220795363324982e-03 1.424224554847031832e+05 4.598873163337628284e+03
1.919403531377582859e-03 1.340450353793948889e+05 4.375174202640132535e+03
1.953170024061313438e-03 1.261516893040984869e+05 4.161183669996116805e+03
1.987530542967004196e-03 1.187184861860722303e+05 3.956682598629128734e+03
2.022495538310956596e-03 1.117218960126340389e+05 3.761431277662846242e+03
2.058075644151566210e-03 1.051388789526522160e+05 3.575168395966392382e+03
2.094281681623494547e-03 9.894696518361568451e+04 3.397610937073778132e+03
2.131124662228754338e-03 9.312432534910738468e+04 3.228454851300066366e+03
2.168615791185685149e-03 8.764983166450262070e+04 3.067376509614266070e+03
2.206766470836844535e-03 8.250310975466668606e+04 2.914034914116507480e+03
2.245588304116860785e-03 7.766458140516281128e+04 2.768074607368038414e+03
2.285093098081271163e-03 7.311549845620989799e+04 2.629129196189760478e+03
2.325292867497464125e-03 6.883796816059947014e+04 2.496825370818995907e+03
2.366199838498778910e-03 6.481497036340832710e+04 2.370787280011539679e+03
2.407826452302896589e-03 6.103036693707108498e+04 2.250641099402196687e+03
2.450185368995639289e-03 5.746890393298864365e+04 2.136019627112142189e+03
2.493289471381340307e-03 5.411620697182416916e+04 2.026566730642027778e+03
2.537151868900946929e-03 5.095877040782570839e+04 1.921941488242687228e+03
2.581785901619051624e-03 4.798394084250926971e+04 1.821821878227901152e+03
2.627205144281072845e-03 4.517989557769894600e+04 1.725907900984217804e+03
2.673423410441788488e-03 4.253561660659313202e+04 1.633924045340565272e+03
2.720454756666523029e-03 4.004086074766516685e+04 1.545621047167692268e+03
2.768313486806230420e-03 3.768612652629613876e+04 1.460776921903111088e+03
2.817014156347783741e-03 3.546261839967966080e+04 1.379197281846899386e+03
2.866571576840812579e-03 3.336220889478921890e+04 1.300714978808443220e+03
2.917000820402386972e-03 3.137739923709630966e+04 1.225189137218790165e+03
2.968317224300977795e-03 2.950127897495031357e+04 1.152503651990090020e+03
3.020536395621046654e-03 2.772748514175415039e+04 1.082565245311756371e+03
3.073674216009695571e-03 2.605016137897968292e+04 1.015301173977833969e+03
3.127746846506824097e-03 2.446391750174760818e+04 9.506566845771952785e+02
3.182770732460255773e-03 2.296378985464572906e+04 8.885923068624294956e+02
3.238762608527337092e-03 2.154520284456014633e+04 8.290810703445190484e+02
3.295739503764519903e-03 2.020393193423748016e+04 7.721057186674310060e+02
3.353718746806481563e-03 1.893606837713718414e+04 7.176559916855645724e+02
3.412717971136373148e-03 1.773798589396476746e+04 6.657260243463784946e+02
3.472755120448746576e-03 1.660630949902534485e+04 6.163119108999771925e+02
3.533848454106864549e-03 1.553788656586408615e+04 5.694094659618070864e+02
3.596016552695994496e-03 1.452976027160882950e+04 5.250122053889248264e+02
3.659278323674417313e-03 1.357914544409513474e+04 4.831095594063219210e+02
3.723653007123814071e-03 1.268340681785345078e+04 4.436853272626257194e+02
3.789160181600854330e-03 1.184003973984718323e+04 4.067163666393368544e+02
3.855819770091701692e-03 1.104665318626165390e+04 3.721715137498033528e+02
3.923652046071282769e-03 1.030095511090755463e+04 3.400107219295725258e+02
3.992677639669144941e-03 9.600739933729171753e+03 3.101844065302685749e+02
4.062917543943793744e-03 8.943878135204315186e+03 2.826329848904791220e+02
4.134393121267398996e-03 8.328307728648185730e+03 2.572866046616573499e+02
4.207126109822831653e-03 7.752027539968490601e+03 2.340650659153127435e+02
4.281138630214985537e-03 7.213092061519622803e+03 2.128779478737005491e+02
4.356453192198436568e-03 6.709607764720916748e+03 1.936249758853983565e+02
4.433092701523402325e-03 6.239730665326118469e+03 1.761966673978591871e+02
4.511080466902189431e-03 5.801664958357810974e+03 1.604753155844420576e+02
4.590440207098165325e-03 5.393662602424621582e+03 1.463363589681480619e+02
4.671196058139471391e-03 5.014023611068725586e+03 1.336501697069682564e+02
4.753372580659586018e-03 4.661096951723098755e+03 1.222842546459934567e+02
4.836994767367084648e-03 4.333281865239143372e+03 1.121057977128250798e+02
4.922088050646772177e-03 4.029029491424560547e+03 1.029844126341723012e+02
5.008678310294547784e-03 3.746844620108604431e+03 9.479491447054931541e+01
5.096791881388344075e-03 3.485287546277046204e+03 8.741987802033128219e+01
5.186455562297526654e-03 3.242975790262222290e+03 8.075177772383901242e+01
5.277696622833203538e-03 3.018585758805274963e+03 7.469453160851587370e+01
5.370542812541912077e-03 2.810854090094566345e+03 6.916435823686491347e+01
5.465022369145204791e-03 2.618578821182250977e+03 6.408994767373636137e+01
5.561164027127736206e-03 2.440620141983032227e+03 5.941201011027162338e+01
5.658997026476373857e-03 2.275900838136672974e+03 5.508233029158772354e+01
5.758551121573106391e-03 2.123406340360641479e+03 5.106247422627390620e+01
5.859856590244365629e-03 1.982184403777122498e+03 4.732230286728795932e+01
5.962944242969578021e-03 1.851344374358654022e+03 4.383841756094814457e+01
6.067845432251655138e-03 1.730056114852428436e+03 4.059264486803998295e+01
6.174592062152393923e-03 1.617548553884029388e+03 3.757064304535594346e+01
6.283216597995595204e-03 1.513107911884784698e+03 3.476067281706187373e+01
6.393752076240882473e-03 1.416075658321380615e+03 3.215256834316679857e+01
6.506232114531228065e-03 1.325846166729927063e+03 2.973691456985350356e+01
6.620690921917238118e-03 1.241864220976829529e+03 2.750444119744111759e+01
6.737163309261294530e-03 1.163622252911329269e+03 2.544561488177139452e+01
6.855684699824746674e-03 1.090657546922564507e+03 2.355041631180800721e+01
6.976291140041326541e-03 1.022549266595859081e+03 2.180828930455934156e+01
7.099019310480147484e-03 9.589155205488204956e+02 2.020821477586504145e+01
7.223906537001475829e-03 8.994103162884712219e+02 1.873889970901940316e+01
7.350990802108848046e-03 8.437206403613090515e+02 1.738901585677122341e+01
7.480310756500834629e-03 7.915635280609130859e+02 1.614747898041968810e+01
7.611905730826079748e-03 7.426832593083381653e+02 1.500371187695464670e+01
7.745815747645062692e-03 6.968486552238464355e+02 1.394788251003254942e+01
7.882081533602362799e-03 6.538505126237869263e+02 1.297106339376943929e+01
8.020744531813027434e-03 6.134992285966873169e+02 1.206534285967594045e+01
8.161846914466849845e-03 5.756225142478942871e+02 1.122385878847001628e+01
8.305431595654383728e-03 5.400633778572082520e+02 1.044076030315837755e+01
8.451542244418590658e-03 5.066782379150390625e+02 9.711127036125496659e+00
8.600223298036108535e-03 4.753352308273315430e+02 9.030858859663574378e+00
8.751519975532143919e-03 4.459126992225646973e+02 8.396520039104881761e+00
8.905478291433137697e-03 4.182979040145874023e+02 7.805193849315378962e+00
9.062145069761391725e-03 3.923857846260070801e+02 7.254353761606553874e+00
9.221567958275818030e-03 3.680780706405639648e+02 6.741726361149144253e+00
9.383795442963294847e-03 3.452823667526245117e+02 6.265184800816245847e+00
9.548876862784907299e-03 3.239114899635314941e+02 5.822687552851755655e+00
9.716862424681659352e-03 3.038828744888305664e+02 5.412214395859429317e+00
9.887803218844075370e-03 2.851181073188781738e+02 5.031745080698038386e+00
1.006175123425052942e-02 2.675425620079040527e+02 4.679275418130536046e+00
1.023875937447886117e-02 2.510851235389709473e+02 4.352795739465811664e+00
1.041888147379618768e-02 2.356779923439025879e+02 4.050353216145119006e+00
1.060217231353174742e-02 2.212564573287963867e+02 3.770056937923556895e+00
1.078868763873778829e-02 2.077588787078857422e+02 3.510120473679798625e+00
1.097848417514357341e-02 1.951265058517456055e+02 3.268885978364920231e+00
1.117161964640759654e-02 1.833035402297973633e+02 3.044829792345619346e+00
1.136815279167335130e-02 1.722369489669799805e+02 2.836581070441924091e+00
1.156814338343394206e-02 1.618766126632690430e+02 2.642915172749886299e+00
1.177165224571092260e-02 1.521751041412353516e+02 2.462748124842655262e+00
1.197874127255299515e-02 1.430877990722656250e+02 2.295103051359006496e+00
1.218947344686011069e-02 1.345727500915527344e+02 2.139131122210093050e+00
1.240391285953875919e-02 1.265906944274902344e+02 1.994047844621744447e+00
1.262212472899418465e-02 1.191049070358276367e+02 1.859136998948537789e+00
1.284417542096556730e-02 1.120812311172485352e+02 1.733731537096966369e+00
1.307013246871014008e-02 1.054879150390625000e+02 1.617215805911698556e+00
1.330006459354234928e-02 9.929549026489257812e+01 1.508972038358838530e+00
1.353404172573438591e-02 9.347678756713867188e+01 1.408467219081282806e+00
1.377213502578438116e-02 8.800665664672851562e+01 1.315114641305232590e+00
1.401441690605879052e-02 8.286195564270019531e+01 1.228434889040248779e+00
1.426096105281544034e-02 7.802136993408203125e+01 1.147930837960299044e+00
1.451184244861408040e-02 7.346530342102050781e+01 1.073147548289791642e+00
1.476713739512118193e-02 6.917568588256835938e+01 1.003666830643313412e+00
1.502692353631585216e-02 6.513596343994140625e+01 9.391038526928627839e-01
1.529127988210407692e-02 6.133083915710449219e+01 8.790863530746620969e-01
1.556028683234832871e-02 5.774620628356933594e+01 8.232856277462370365e-01
1.583402620131997215e-02 5.436907196044921875e+01 7.713879488790197358e-01
1.611258124258174371e-02 5.118731307983398438e+01 7.230916129460295272e-01
1.639603667430805309e-02 4.818973731994628906e+01 6.781310753616101028e-01
1.668447870505072525e-02 4.536595726013183594e+01 6.362632573213602427e-01
1.697799505995792671e-02 4.270614433288574219e+01 5.971773510224737125e-01
1.727667500745444160e-02 4.020114898681640625e+01 5.607101787385490033e-01
1.758060938639126325e-02 3.784234237670898438e+01 5.266162516611805344e-01
1.788989063367283500e-02 3.562165451049804688e+01 4.947077094340025516e-01
1.820461281237024595e-02 3.353133201599121094e+01 4.647821978680746757e-01
1.852487164032907974e-02 3.156415748596191406e+01 4.367538629108826953e-01
1.885076451928053079e-02 2.971311569213867188e+01 4.103979942347123488e-01
1.918239056446456592e-02 2.797169494628906250e+01 3.857261171494248964e-01
1.951985063477431476e-02 2.633358383178710938e+01 3.625875433085091748e-01
1.986324736343071315e-02 2.479283905029296875e+01 3.409364169179634474e-01
2.021268518919684676e-02 2.334381484985351562e+01 3.206814757461346477e-01
2.056827038814129302e-02 2.198104095458984375e+01 3.018131143702330599e-01
2.093011110596037366e-02 2.069945144653320312e+01 2.842451197222873871e-01
2.129831739086902528e-02 1.949416351318359375e+01 2.679485346784492572e-01
2.167300122707015858e-02 1.836055374145507812e+01 2.528071161741323736e-01
2.205427656881297355e-02 1.729428482055664062e+01 2.388489012062267602e-01
2.244225937505033366e-02 1.629117965698242188e+01 2.258964482285315267e-01
2.283706764470593009e-02 1.534748458862304688e+01 2.139630385949069236e-01
2.323882145256173787e-02 1.445943450927734375e+01 2.028619089468560177e-01
2.364764298577692533e-02 1.362373352050781250e+01 1.925587116229099671e-01
2.406365658104921493e-02 1.283706665039062500e+01 1.830631461504899082e-01
2.448698876242987044e-02 1.209651184082031250e+01 1.742007943381627399e-01
2.491776827980407907e-02 1.139924240112304688e+01 1.660041356318420203e-01
2.535612614804818102e-02 1.074269866943359375e+01 1.583356890586815890e-01
2.580219568687586174e-02 1.012438583374023438e+01 1.512253619847606090e-01
2.625611256138519339e-02 9.542118072509765625e+00 1.446499723537931492e-01
2.671801482331908131e-02 8.993698120117187500e+00 1.385342627055104192e-01
2.718804295305160892e-02 8.477245330810546875e+00 1.329416880878252771e-01
2.766633990231286144e-02 7.990821838378906250e+00 1.277469173888111931e-01
2.815305113766553013e-02 7.532840728759765625e+00 1.230003632330764762e-01
2.864832468474627289e-02 7.101593017578125000e+00 1.186433011600581261e-01
2.915231117328542093e-02 6.695596694946289062e+00 1.146702292428569969e-01
2.966516388291862150e-02 6.313430786132812500e+00 1.109161786289115936e-01
3.018703878980457528e-02 5.953783035278320312e+00 1.074928742641954177e-01
3.071809461406257297e-02 5.615310668945312500e+00 1.043232059458878286e-01
3.125849286804486399e-02 5.296861648559570312e+00 1.014121483261497675e-01
3.180839790545809953e-02 4.997310638427734375e+00 9.872462465703212009e-02
3.236797697134893848e-02 4.715501785278320312e+00 9.625954320587193358e-02
3.293740025296903323e-02 4.450454711914062500e+00 9.395323024066948303e-02
3.351684093153478594e-02 4.201120376586914062e+00 9.190070590639524972e-02
3.410647523489785532e-02 3.966632843017578125e+00 9.001342673283525830e-02
3.470648249114191564e-02 3.745986938476562500e+00 8.836676582705951799e-02
3.531704518312262647e-02 3.538314819335937500e+00 8.688662663880947212e-02
3.593834900396690457e-02 3.342853546142578125e+00 8.549245557905972570e-02
3.657058291354862295e-02 3.158723831176757812e+00 8.441477650380589670e-02
3.721393919595779309e-02 2.985273361206054688e+00 8.320862657867497680e-02
3.786861351798072317e-02 2.821729660034179688e+00 8.230979494416201803e-02
3.853480498860920034e-02 2.667387962341308594e+00 8.135416249866612992e-02
3.921271621959614151e-02 2.521705627441406250e+00 8.043461047646094375e-02
3.990255338707696803e-02 2.383986473083496094e+00 7.969611626212173838e-02
4.060452629427480087e-02 2.253763198852539062e+00 7.890238233095372977e-02
4.131884843530887058e-02 2.130492210388183594e+00 7.836876034272999281e-02
4.204573706012539741e-02 2.013675689697265625e+00 7.778245215523389711e-02
4.278541324057075906e-02 1.903014659881591797e+00 7.741375461955631032e-02
4.353810193762720077e-02 1.797969818115234375e+00 7.709279045308808920e-02
4.430403206983096753e-02 1.698259353637695312e+00 7.699376306416806648e-02
4.508343658289448025e-02 1.603626251220703125e+00 7.696898630952356268e-02
4.587655252055307387e-02 1.513701677322387695e+00 7.709279045308808920e-02
4.668362109665818993e-02 1.428301639854907990e+00 7.743838906874613015e-02
4.750488776853880463e-02 1.347218632698059082e+00 7.763518325918668250e-02
4.834060231165338006e-02 1.270186901092529297e+00 7.797837803780129085e-02
4.919101889555539675e-02 1.197172164916992188e+00 7.839309468902139200e-02
5.005639616119474111e-02 1.127941131591796875e+00 7.863602398123982484e-02
5.093699729957953948e-02 1.062404155731201172e+00 7.897486960607706663e-02
5.183309013182155894e-02 1.000469207763671875e+00 7.907141593748891195e-02
5.274494719058978737e-02 9.419555664062500000e-01 7.911964492394177317e-02
5.367284580299702679e-02 8.868360519409179688e-01 7.899901725061204971e-02
5.461706817494454969e-02 8.349943161010742188e-01 7.870875656097611750e-02
5.557790147695085975e-02 7.863273620605468750e-01 7.836876034272999281e-02
5.655563793148976615e-02 7.407207489013671875e-01 7.795391423232463091e-02
5.755057490186554076e-02 6.980800628662109375e-01 7.741375461955631032e-02
5.856301498265126942e-02 6.583118438720703125e-01 7.679532520053711231e-02
5.959326609171829159e-02 6.212482452392578125e-01 7.602148615636157569e-02
6.064164156388458793e-02 5.868167877197265625e-01 7.541693193870242784e-02
6.170846024621064185e-02 5.548763275146484375e-01 7.478199109014314894e-02
6.279404659497206387e-02 5.251960754394531250e-01 7.411588266019639160e-02
6.389873077433749771e-02 4.977607727050781250e-01 7.359938938053427193e-02
6.502284875678321363e-02 4.723243713378906250e-01 7.318357029373122324e-02
6.616674242527378902e-02 4.487037658691406250e-01 7.268669557003279436e-02
6.733075967724047595e-02 4.268016815185546875e-01 7.237112231894103631e-02
6.851525453038885549e-02 4.064483642578125000e-01 7.210708961708879594e-02
6.972058723036766992e-02 3.874530792236328125e-01 7.189516530978891373e-02
7.094712436033218106e-02 3.696842193603515625e-01 7.178896855269181754e-02
7.219523895243440403e-02 3.529510498046875000e-01 7.170921777611648229e-02
7.346531060127520218e-02 3.371944427490234375e-01 7.146943149817182317e-02
7.475772557935203566e-02 3.222408294677734375e-01 7.146943149817182317e-02
7.607287695453775200e-02 3.079776763916015625e-01 7.138932375975416689e-02
7.741116470962598750e-02 2.943210601806640625e-01 7.125561073029179626e-02
7.877299586397969178e-02 2.812271118164062500e-01 7.122883800316590075e-02
8.015878459731998196e-02 2.685623168945312500e-01 7.109482313750506433e-02
8.156895237569201929e-02 2.563514709472656250e-01 7.106798983851661533e-02
8.300392807964761255e-02 2.444915771484375000e-01 7.082603267370603251e-02
8.446414813468249017e-02 2.330436706542968750e-01 7.074519639169857266e-02
8.595005664396837552e-02 2.219314575195312500e-01 7.069125418302288355e-02
8.746210552341991684e-02 2.112007141113281250e-01 7.069125418302288355e-02
8.900075463913788287e-02 2.008705139160156250e-01 7.058324609215879675e-02
9.056647194727061867e-02 1.909866333007812500e-01 7.063727078134814097e-02
9.215973363633502002e-02 1.815299987792968750e-01 7.058324609215879675e-02
9.378102427204225433e-02 1.725463867187500000e-01 7.069125418302288355e-02
9.543083694467079103e-02 1.640968322753906250e-01 7.063727078134814097e-02
9.710967341903206651e-02 1.561813354492187500e-01 7.066426763720914939e-02
9.881804428707449683e-02 1.488265991210937500e-01 7.069125418302288355e-02
1.005564691231719127e-01 1.420631408691406250e-01 7.074519639169857266e-02
1.023254766421444611e-01 1.359024047851562500e-01 7.066426763720914939e-02
1.041256048600582851e-01 1.303405761718750000e-01 7.063727078134814097e-02
1.059574012578552299e-01 1.253433227539062500e-01 7.052918002057730062e-02
1.078214229478604846e-01 1.209030151367187500e-01 7.066426763720914939e-02
1.097182368432196020e-01 1.169910430908203125e-01 7.050213143664080251e-02
1.116484198303163422e-01 1.135826110839843750e-01 7.047507247136217123e-02
1.136125589442235212e-01 1.105976104736328125e-01 7.052918002057730062e-02
1.156112515472410285e-01 1.079959869384765625e-01 7.047507247136217123e-02
1.176451055105736110e-01 1.057109832763671875e-01 7.050213143664080251e-02
1.197147393992058911e-01 1.036720275878906250e-01 7.061026360361413734e-02
1.218207826600291033e-01 1.018543243408203125e-01 7.069125418302288355e-02
1.239638758132775714e-01 1.001319885253906250e-01 7.071823043059247138e-02
1.261446706473329793e-01 9.847259521484375000e-02 7.087987231103146102e-02
1.283638304169555100e-01 9.681510925292968750e-02 7.090677679949744516e-02
1.306220300450029459e-01 9.510040283203125000e-02 7.098742908354002679e-02
1.329199563276971530e-01 9.332466125488281250e-02 7.093367108333936688e-02
1.352583081435030365e-01 9.142684936523437500e-02 7.087987231103146102e-02
1.376377966656813223e-01 8.935546875000000000e-02 7.082603267370603251e-02
1.400591455785808181e-01 8.715820312500000000e-02 7.090677679949744516e-02
1.425230912977357711e-01 8.480072021484375000e-02 7.085295760631661610e-02
1.450303831938350718e-01 8.231735229492187500e-02 7.093367108333936688e-02
1.475817838206321675e-01 7.971000671386718750e-02 7.101429282303844959e-02
1.501780691468630191e-01 7.699584960937500000e-02 7.106798983851661533e-02
1.528200287922455991e-01 7.420730590820312500e-02 7.120205520921166209e-02
1.555084662676301244e-01 7.143211364746093750e-02 7.125561073029179626e-02
1.582441992193744651e-01 6.866073608398437500e-02 7.141603632336805674e-02
1.610280596780185314e-01 6.594848632812500000e-02 7.157610235081521277e-02
1.638608943113331884e-01 6.335067749023437500e-02 7.170921777611648229e-02
1.667435646818217210e-01 6.090545654296875000e-02 7.170921777611648229e-02
1.696769475087497037e-01 5.864238739013671875e-02 7.168261446680690430e-02
1.726619349347860988e-01 5.657768249511718750e-02 7.181553246425873005e-02
1.756994347973344639e-01 5.474090576171875000e-02 7.176239480810092664e-02
1.787903709046374523e-01 5.314159393310546875e-02 7.170921777611648229e-02
1.819356833167387333e-01 5.178165435791015625e-02 7.176239480810092664e-02
1.851363286313874590e-01 5.065727233886718750e-02 7.176239480810092664e-02
1.883932802749732072e-01 4.977512359619140625e-02 7.189516530978891373e-02
1.917075287985774423e-01 4.907131195068359375e-02 7.205416697537779525e-02
1.950800821792348649e-01 4.854679107666015625e-02 7.229201376297557380e-02
1.985119661264937441e-01 4.817199707031250000e-02 7.245014449606018703e-02
2.020042243943694915e-01 4.789543151855468750e-02 7.266045014741513708e-02
2.055579190987861793e-01 4.769611358642578125e-02 7.287014885225637228e-02
2.091741310406023124e-01 4.752063751220703125e-02 7.292247930700965219e-02
2.128539600343204441e-01 4.733371734619140625e-02 7.302702771812467908e-02
2.165985252425773888e-01 4.712438583374023438e-02 7.302702771812467908e-02
2.204089655165208106e-01 4.685974121093750000e-02 7.302702771812467908e-02
2.242864397421729383e-01 4.652500152587890625e-02 7.305314144244157148e-02
2.282321271928877127e-01 4.608964920043945312e-02 7.297477223542736535e-02
2.322472278880082508e-01 4.557037353515625000e-02 7.307924583542854680e-02
2.363329629578339586e-01 4.496145248413085938e-02 7.326171614652754460e-02
2.404905750150091726e-01 4.429149627685546875e-02 7.344373311313737163e-02
2.447213285324429388e-01 4.356908798217773438e-02 7.380642042066869191e-02
2.490265102278797771e-01 4.280996322631835938e-02 7.406439541350992584e-02
2.534074294552345341e-01 4.205656051635742188e-02 7.452650011069887614e-02
2.578654186028120354e-01 4.133796691894531250e-02 7.478199109014314894e-02
2.624018334985321332e-01 4.067707061767578125e-02 7.506202676006107355e-02
2.670180538222834410e-01 4.011094570159912109e-02 7.521433403894416114e-02
2.717154835255324863e-01 3.966176509857177734e-02 7.526503464061598536e-02
2.764955512583121000e-01 3.934383392333984375e-02 7.526503464061598536e-02
2.813597108037241834e-01 3.916549682617187500e-02 7.518897091765686103e-02
2.863094415200847509e-01 3.914141654968261719e-02 7.521433403894416114e-02
2.913462487908478615e-01 3.926056623458862305e-02 7.541693193870242784e-02
2.964716644824444414e-01 3.950206935405731201e-02 7.569461865264101585e-02
3.016872474101753854e-01 3.984919190406799316e-02 7.619691094973109202e-02
3.069945838123019355e-01 4.026648402214050293e-02 7.684498270666406672e-02
3.123952878324738336e-01 4.071193933486938477e-02 7.748763447217724143e-02
3.178910020106469059e-01 4.115360975265502930e-02 7.819820788737344430e-02
3.234833977826356843e-01 4.154276847839355469e-02 7.866027564688385376e-02
3.291741759884547758e-01 4.182600975036621094e-02 7.904729040956273711e-02
3.349650673896026332e-01 4.197812080383300781e-02 7.911964492394177317e-02
3.408578331954454366e-01 4.195940494537353516e-02 7.899901725061204971e-02
3.468542655988628431e-01 4.175806045532226562e-02 7.892655215303417959e-02
3.529561883213134243e-01 4.135227203369140625e-02 7.892655215303417959e-02
3.591654571674925966e-01 4.074442386627197266e-02 7.928821535228296191e-02
3.654839605897462484e-01 3.995251655578613281e-02 8.005430285905935917e-02
3.719136202624140353e-01 3.901100158691406250e-02 8.118988160479112537e-02
3.784563916662768701e-01 3.796052932739257812e-02 8.258740043697646027e-02
3.851142646832854677e-01 3.685450553894042969e-02 8.393894119900116579e-02
3.918892642017532402e-01 3.575778007507324219e-02 8.508992543278111331e-02
3.987834507321926236e-01 3.473114967346191406e-02 8.573751588924988232e-02
4.057989210339884578e-01 3.383731842041015625e-02 8.584867568685902728e-02
4.129378087530944375e-01 3.312897682189941406e-02 8.562621178430848690e-02
4.202022850709480895e-01 3.264689445495605469e-02 8.553706422053980463e-02
4.275945593648021181e-01 3.240537643432617188e-02 8.602623259978608994e-02
4.351168798796712367e-01 3.239989280700683594e-02 8.765158465748779104e-02
4.427715344121028740e-01 3.259253501892089844e-02 9.043622580304863656e-02
4.505608510059720406e-01 3.290605545043945312e-02 9.393292700321131949e-02
4.584871986605215111e-01 3.324341773986816406e-02 9.708819157528568444e-02
4.665529880508553773e-01 3.346824645996093750e-02 9.901399887216075224e-02
4.747606722611085739e-01 3.343367576599121094e-02 9.905251822739036260e-02
4.831127475305138086e-01 3.298902511596679688e-02 9.779287318062536427e-02
4.916117540125937158e-01 3.199791908264160156e-02 9.781237519960089832e-02
5.002602765477107694e-01 3.037118911743164062e-02 1.028501605131373897e-01
5.090609454492032171e-01 2.810287475585937500e-02 1.150189989401207563e-01
5.180164373033557812e-01 2.531981468200683594e-02 1.309904893524001246e-01
5.271294757834413813e-01 2.233457565307617188e-02 1.420285856460768992e-01
5.364028324780836243e-01 1.971220970153808594e-02 1.377472475195738733e-01
5.458393277341927474e-01 1.834988594055175781e-02 1.216437860860939135e-01
5.554418315147291452e-01 1.956629753112792969e-02 1.775196161310859944e-01
5.652132642715601563e-01 2.520227432250976562e-02 3.992982430640817371e-01
5.751565978336671270e-01 3.772854804992675781e-02 8.058646767275915446e-01
5.852748563109823055e-01 6.037282943725585938e-02 1.447430352889161886e+00
5.955711170141250177e-01 9.724497795104980469e-02 2.401548077075265741e+00
6.060485113903171239e-01 1.534845829010009766e-01 3.767611031316898007e+00
6.167102259757643035e-01 2.354003190994262695e-01 5.668550888652768904e+00
6.275595033647901611e-01 3.506221771240234375e-01 8.253579028061761136e+00
6.385996431960242470e-01 5.082671642303466797e-01 1.170176275293081325e+01
6.498340031559308727e-01 7.190809249877929688e-01 1.622570592816940049e+01
6.612659999999999094e-01 9.956053495407104492e-01 2.207579500142788476e+01
