# Q(1/A)  I_MAP  dI_MAP
2.628799999999998954e-04 1.446480612468486885e+06 1.406493321957543376e+05
2.675438070964800586e-04 1.481251416861478239e+06 1.396305736441167828e+05
2.722903557352346284e-04 1.515865623882088810e+06 1.385755633916347870e+05
2.771211138506526656e-04 1.550269344235856086e+06 1.374841300147499132e+05
2.820375754200420289e-04 1.584407473383476958e+06 1.363561689085930411e+05
2.870412609256645163e-04 1.618223805777793285e+06 1.351916447079295176e+05
2.921337178249632373e-04 1.651661157101411838e+06 1.339905935225303110e+05
2.973165210291369332e-04 1.684661494315907126e+06 1.327531249713366560e+05
3.025912733902008352e-04 1.717166073288122658e+06 1.314794240004398744e+05
3.079596061966908367e-04 1.749115583712915657e+06 1.301697524704254902e+05
3.134231796781628216e-04 1.780450301004754612e+06 1.288244504994553281e+05
3.189836835186387210e-04 1.811110244783378672e+06 1.274439375492240797e+05
3.246428373791666985e-04 1.841035343531536870e+06 1.260287132418780238e+05
3.304023914296471982e-04 1.870165604955598712e+06 1.245793578969584050e+05
3.362641268900991407e-04 1.898441291533391457e+06 1.230965327786280977e+05
3.422298565815239113e-04 1.925803100687671918e+06 1.215809800444579014e+05
3.483014254865459238e-04 1.952192348979243543e+06 1.200335223885345185e+05
3.544807113199996006e-04 1.977551159670280293e+06 1.184550623728171922e+05
3.607696251096353208e-04 2.001822652967266971e+06 1.168465814422034455e+05
3.671701117871337995e-04 2.024951138213620987e+06 1.152091386202501453e+05
3.736841507895997147e-04 2.046882307265342679e+06 1.135438688839747192e+05
3.803137566717306600e-04 2.067563428249138873e+06 1.118519812179291184e+05
3.870609797288466049e-04 2.086943538871736731e+06 1.101347563491668843e+05
3.939279066309686757e-04 2.104973638421841431e+06 1.083935441666893894e+05
4.009166610681532024e-04 2.121606877582904883e+06 1.066297608304647583e+05
4.080294044072686516e-04 2.136798745155511424e+06 1.048448855769294314e+05
4.152683363604304980e-04 2.150507250773580745e+06 1.030404572296656115e+05
4.226356956652892443e-04 2.162693102688448038e+06 1.012180704256441823e+05
4.301337607773916827e-04 2.173319879689975176e+06 9.937937156913235958e+04
4.377648505748250288e-04 2.182354196234053466e+06 9.752605452706305368e+04
4.455313250753588166e-04 2.189765859851603396e+06 9.565985608136706287e+04
4.534355861663153810e-04 2.195528019925538450e+06 9.378255115521537664e+04
4.614800783473826246e-04 2.199617306939403992e+06 9.189594783177887439e+04
4.696672894866124712e-04 2.202013961324415635e+06 9.000188218539278023e+04
4.779997515898240165e-04 2.202701951060828287e+06 8.810221294652315555e+04
4.864800415836623669e-04 2.201669077224631328e+06 8.619881602280521474e+04
4.951107821125495237e-04 2.198907066711809952e+06 8.429357889993688150e+04
5.038946423497687099e-04 2.194411651419478934e+06 8.238839494678382471e+04
5.128343388229472275e-04 2.188182633216292132e+06 8.048515765002022090e+04
5.219326362541750136e-04 2.180223934093290009e+06 7.858575480423629051e+04
5.311923484150342292e-04 2.170543630950565916e+06 7.669206268387047749e+04
5.406163389967977035e-04 2.159153974544760771e+06 7.480594022369265440e+04
5.502075224960606718e-04 2.146071392197045963e+06 7.292922323462646455e+04
5.599688651160921425e-04 2.131316473940261640e+06 7.106371868170076050e+04
5.699033856841702241e-04 2.114913941867578775e+06 6.921119905059090524e+04
5.800141565851962052e-04 2.096892602532123914e+06 6.737339682907344832e+04
5.903043047118737259e-04 2.077285282337712590e+06 6.555199912900263735e+04
6.007770124317377523e-04 2.056128745954161277e+06 6.374864247360536683e+04
6.114355185713500488e-04 2.033463597886176314e+06 6.196490777449986490e+04
6.222831194179451013e-04 2.009334167422072496e+06 6.020231552152150107e+04
6.333231697388565229e-04 1.983788377286574570e+06 5.846232120774457871e+04
6.445590838190193858e-04 1.956877596420484129e+06 5.674631101070723525e+04
6.559943365168885952e-04 1.928656477407739498e+06 5.505559775018951041e+04
6.676324643390821930e-04 1.899182779167480767e+06 5.339141714121319819e+04
6.794770665340949109e-04 1.868517175623331917e+06 5.175492436037658626e+04
6.915318062054173157e-04 1.836723051154668909e+06 5.014719094218533428e+04
7.038004114443945905e-04 1.803866283723427681e+06 4.856920202122545743e+04
7.162866764831956386e-04 1.770015016654736362e+06 4.702185393484544329e+04
7.289944628682249296e-04 1.735239420129788574e+06 4.550595220068861090e+04
7.419277006543606749e-04 1.699611443523625610e+06 4.402220988174936065e+04
7.550903896203792903e-04 1.663204559788614744e+06 4.257124635202042555e+04
7.684866005059365086e-04 1.626093503145846771e+06 4.115358647410739650e+04
7.821204762705039103e-04 1.588354001400210895e+06 3.976966020043208846e+04
7.959962333746297206e-04 1.550062504240712151e+06 3.841980260843493306e+04
8.101181630839421549e-04 1.511295908924580552e+06 3.710425437977375987e+04
8.244906327962760878e-04 1.472131284771881532e+06 3.582316273265897325e+04
8.391180873923520609e-04 1.432645597915723920e+06 3.457658281522940524e+04
8.540050506104184371e-04 1.392915437762324233e+06 3.336447956638853793e+04
8.691561264452727070e-04 1.353016746613607742e+06 3.218673004918993320e+04
8.845760005721163381e-04 1.313024553894163109e+06 3.104312625868623581e+04
9.002694417956557055e-04 1.273012716402545571e+06 2.993337840390311248e+04
9.162413035249268025e-04 1.233053665975263342e+06 2.885711865943042721e+04
9.324965252742715592e-04 1.193218165909814648e+06 2.781390537792809482e+04
9.490401341909520316e-04 1.153575077441442758e+06 2.680322774960193783e+04
9.658772466098665020e-04 1.114191137506708503e+06 2.582451088886060461e+04
9.830130696358385742e-04 1.075130748956170864e+06 2.487712132166513038e+04
1.000452902753992636e-03 1.036455784298910759e+06 2.396037283995310281e+04
1.018202139468684601e-03 9.982254039739090949e+05 2.307353268193519762e+04
1.036266268971518766e-03 9.604958900473508984e+05 2.221582798980926600e+04
1.054650877838957633e-03 9.233204961329028010e+05 2.138645248799962428e+04
1.073361651760039708e-03 8.867493142230529338e+05 2.058457331872335999e+04
1.092404377294763302e-03 8.508291590057052672e+05 1.980933796471646565e+04
1.111784943663651120e-03 8.156034701218791306e+05 1.905988118322220180e+04
1.131509344569075690e-03 7.811122326987348497e+05 1.833533187239543986e+04
1.151583680048893577e-03 7.473919163668565452e+05 1.763481978663369591e+04
1.172014158362963670e-03 7.144754328467417508e+05 1.695748201907966359e+04
1.192807097913132618e-03 6.823921120616141707e+05 1.630246916802258784e+04
1.213968929197288072e-03 6.511676966091860086e+05 1.566895110935079902e+04
1.235506196798082101e-03 6.208243543014843017e+05 1.505612230051754705e+04
1.257425561406921551e-03 5.913807083604261279e+05 1.446320654874622596e+04
1.279733801883888846e-03 5.628518847407102585e+05 1.388946118513152214e+04
1.302437817354185458e-03 5.352495759388059378e+05 1.333418059504953453e+04
1.325544629341784963e-03 5.085821205418482423e+05 1.279669906722199448e+04
1.349061383940937994e-03 4.828545976694300771e+05 1.227639293376966270e+04
1.372995354026188691e-03 4.580689353708922863e+05 1.177268198715763538e+04
1.397353941501620856e-03 4.342240319571867585e+05 1.128503017045983688e+04
1.422144679589987118e-03 4.113158891717195511e+05 1.081294554975575193e+04
1.447375235162464682e-03 3.893377560410909355e+05 1.035597958814555022e+04
1.473053411109742162e-03 3.682802821919694543e+05 9.913725751785561442e+03
1.499187148755160015e-03 3.481316793776154518e+05 9.485817486849000488e+03
1.525784530310684119e-03 3.288778899244628847e+05 9.071925616398601051e+03
1.552853781376427409e-03 3.105027607893720269e+05 8.671755212289393967e+03
1.580403273484533603e-03 2.929882219062522054e+05 8.285042004063821878e+03
1.608441526688189974e-03 2.763144675049781799e+05 7.911548393883101198e+03
1.636977212196565187e-03 2.604601390951946378e+05 7.551059149589645131e+03
1.666019155056495992e-03 2.454025088341012597e+05 7.203376853360501627e+03
1.695576336881754334e-03 2.311176620284914970e+05 6.868317188319900197e+03
1.725657898630738197e-03 2.175806775669977069e+05 6.545704145712579702e+03
1.756273143433425979e-03 2.047658051321879029e+05 6.235365242672015484e+03
1.787431539468507758e-03 1.926466381031945348e+05 5.937126839327437665e+03
1.819142722891536066e-03 1.811962811306342483e+05 5.650809649185339367e+03
1.851416500815041824e-03 1.703875114439949393e+05 5.376224536765029370e+03
1.884262854341524004e-03 1.601929330336228013e+05 5.113168696737467144e+03
1.917691941650225256e-03 1.505851229404509068e+05 4.861422310327375271e+03
1.951714101138703325e-03 1.415367689795345068e+05 4.620745767554398299e+03
1.986339854620105747e-03 1.330207983200699091e+05 4.390877541105218370e+03
2.021579910577188648e-03 1.250104964457824826e+05 4.171532786696224321e+03
2.057445167474067794e-03 1.174796161163002253e+05 3.962402730666089610e+03
2.093946717126699344e-03 1.104024760552346706e+05 3.763154887218993281e+03
2.131095848133192101e-03 1.037540491878837347e+05 3.573434125117754320e+03
2.168904049364943701e-03 9.751004034908115864e+04 3.392864574367868499e+03
2.207383013519737241e-03 9.164695348027348518e+04 3.221052334137355956e+03
2.246544640737869070e-03 8.614214841999113560e+04 3.057588909120970129e+03
2.286401042282424495e-03 8.097388748694956303e+04 2.902055270218801979e+03
2.326964544284845001e-03 7.612137212796509266e+04 2.754026402808833609e+03
2.368247691556956639e-03 7.156476998662948608e+04 2.613076185826049368e+03
2.410263251470628337e-03 6.728523280747234821e+04 2.478782421827631424e+03
2.453024217906239323e-03 6.326490566202998161e+04 2.350731835864402456e+03
2.496543815271229805e-03 5.948692802989482880e+04 2.228524859617766651e+03
2.540835502589913666e-03 5.593542731611430645e+04 2.111780030738021196e+03
2.585912977665867640e-03 5.259550542336702347e+04 2.000137861993512843e+03
2.631790181318170718e-03 4.945321902868151665e+04 1.893264058837514767e+03
2.678481301692784387e-03 4.649555423086881638e+04 1.790852004481288986e+03
2.726000778650423343e-03 4.371039625395834446e+04 1.692624463072189428e+03
2.774363308232286659e-03 4.108649489216506481e+04 1.598334491145112679e+03
2.823583847205000767e-03 3.861342637822031975e+04 1.507765578215888127e+03
2.873677617686211036e-03 3.628155235251784325e+04 1.420731068979225938e+03
2.924660111852222730e-03 3.408197658911347389e+04 1.337072938310477184e+03
2.976547096729158064e-03 3.200650010728836060e+04 1.256660011443535723e+03
3.029354619069133791e-03 3.004757527807354927e+04 1.179385726716587214e+03
3.083099010312928198e-03 2.819825949242711067e+04 1.105165546182144908e+03
3.137796891640710472e-03 2.645216892209649086e+04 1.033934118256465808e+03
3.193465179112360292e-03 2.480343285807967186e+04 9.656422884759450653e+02
3.250121088898979237e-03 2.324664907538890839e+04 9.002540503709775521e+02
3.307782142607233744e-03 2.177684060534834862e+04 8.377435176214934245e+02
3.366466172698157240e-03 2.038941427618265152e+04 7.780919826013627016e+02
3.426191328002056377e-03 1.908012130039930344e+04 7.212851235602321367e+02
3.486976079331312057e-03 1.784502015572786331e+04 6.673104010264295312e+02
3.548839225192700671e-03 1.668044195872545242e+04 6.161546789703485274e+02
3.611799897601099089e-03 1.558295846638083458e+04 5.678020918686329424e+02
3.675877567996325892e-03 1.454935280326008797e+04 5.222321728283658331e+02
3.741092053264940751e-03 1.357659296885132790e+04 4.794182421422266884e+02
3.807463521868875884e-03 1.266180812972784042e+04 4.393260602715643017e+02
3.875012500082818633e-03 1.180226766934990883e+04 4.019127266506374099e+02
3.943759878342231219e-03 1.099536292856931686e+04 3.671258230904745119e+02
4.013726917704013054e-03 1.023859153592586517e+04 3.349027817704861150e+02
4.084935256421760169e-03 9.529544210255146027e+03 3.051704709037974794e+02
4.157406916637682200e-03 8.865893872022628784e+03 2.778449925442187691e+02
4.231164311193260329e-03 8.245386919766664505e+03 2.528317028094501495e+02
4.306230250560711369e-03 7.665836456149816513e+03 2.300254661393643119e+02
4.382627949897448076e-03 7.125117290824651718e+03 2.093111825550133460e+02
4.460381036225673744e-03 6.621162516325712204e+03 1.905646293723850420e+02
4.539513555739347998e-03 6.151961438000202179e+03 1.736536700729983806e+02
4.620049981240807561e-03 5.715558663487434387e+03 1.584398664248856221e+02
4.702015219709324879e-03 5.310054154992103577e+03 1.447805142168845691e+02
4.785434620003895315e-03 4.933604028284549713e+03 1.325310690531611897e+02
4.870333980702753508e-03 4.584421940952539444e+03 1.215478688042622792e+02
4.956739558081899207e-03 4.260780862182378769e+03 1.116910002618373312e+02
5.044678074235219023e-03 3.961015098005533218e+03 1.028271015407868845e+02
5.134176725338668312e-03 3.683522399008274078e+03 9.483187798945991176e+01
5.225263190061041514e-03 3.426766033470630646e+03 8.759212709870273272e+01
5.317965638123972084e-03 3.189276705652475357e+03 8.100712050235163986e+01
5.412312739013808334e-03 2.969654229074716568e+03 7.498928214739224529e+01
5.508333670848032312e-03 2.766568889260292053e+03 6.946417210261776631e+01
5.606058129399006836e-03 2.578762386769056320e+03 6.436986620533686221e+01
5.705516337277777641e-03 2.405048391044139862e+03 5.965586537176704240e+01
5.806739053280818123e-03 2.244312611788511276e+03 5.528168659458301448e+01
5.909757581902620564e-03 2.095512401670217514e+03 5.121528350289810305e+01
6.014603783017019589e-03 1.957675889492034912e+03 4.743143063444354368e+01
6.121310081730308751e-03 1.829900668144226074e+03 4.391016354750406236e+01
6.229909478409132242e-03 1.711352019667625427e+03 4.063536348056645409e+01
6.340435558886282907e-03 1.601260763436555862e+03 3.759351889776288402e+01
6.452922504847585436e-03 1.498920724809169769e+03 3.477270134048265504e+01
6.567405104403065304e-03 1.403685901641845703e+03 3.216176351096142838e+01
6.683918762845597952e-03 1.314967351406812668e+03 2.974975047287358620e+01
6.802499513600528472e-03 1.232229865640401840e+03 2.752552893578214466e+01
6.923184029369445006e-03 1.154988494977355003e+03 2.547758770529034322e+01
7.046009633471732314e-03 1.082804973259568214e+03 2.359401774475563585e+01
7.171014311387324640e-03 1.015284058421850204e+03 2.186260792273203180e+01
7.298236722504217525e-03 9.520699215829372406e+02 2.027103631237165615e+01
7.427716212074391040e-03 8.928425429165363312e+02 1.880712357555719549e+01
7.559492823381881027e-03 8.373142181858420372e+02 1.745909165561625187e+01
7.693607310126696769e-03 7.852261915542185307e+02 1.621581499007177030e+01
7.830101149028469154e-03 7.363454294453840703e+02 1.506701908937205658e+01
7.969016552653683874e-03 6.904616223983466625e+02 1.400343348770508101e+01
8.110396482470460036e-03 6.473843659758567810e+02 1.301685663557613992e+01
8.254284662134995024e-03 6.069405670166015625e+02 1.210016865888597160e+01
8.400725591013685420e-03 5.689721294790506363e+02 1.124727190636437690e+01
8.549764557945174065e-03 5.333338271975517273e+02 1.045300128675390994e+01
8.701447655246524748e-03 4.998914587795734406e+02 9.712990971040570187e+00
8.855821792967876957e-03 4.685202270448207855e+02 9.023519091216618548e+00
9.012934713400030246e-03 4.391033627092838287e+02 8.381371650694790176e+00
9.172835005839421671e-03 4.115309465825557709e+02 7.783703765658315454e+00
9.335572121614958002e-03 3.856989445090293884e+02 7.227917419434727542e+00
9.501196389381580745e-03 3.615084468722343445e+02 6.711565869792275763e+00
9.669759030685025694e-03 3.388650442957878113e+02 6.232296704810905474e+00
9.841312175802793827e-03 3.176784030795097351e+02 5.787806406828901906e+00
1.001590887986618383e-02 2.978618864417076111e+02 5.375820718250878372e+00
1.019360313926825738e-02 2.793323702812194824e+02 4.994105870406055026e+00
1.037444990836298292e-02 2.620101144313812256e+02 4.640479088746732650e+00
1.055850511646059219e-02 2.458186605572700500e+02 4.312840545034621442e+00
1.074582568512450452e-02 2.306848631501197815e+02 4.009203336732083400e+00
1.093646954577506998e-02 2.165388756990432739e+02 3.727701648807148160e+00
1.113049565760565116e-02 2.033141998052597046e+02 3.466621364395314320e+00
1.132796402581655142e-02 1.909477595090866089e+02 3.224411808756935560e+00
1.152893572017243441e-02 1.793798911571502686e+02 2.999654114175082764e+00
1.173347289388896805e-02 1.685544178485870361e+02 2.791099680548477568e+00
1.194163880285455982e-02 1.584186458587646484e+02 2.597607788551715036e+00
1.215349782519309536e-02 1.489233326911926270e+02 2.418138340932683761e+00
1.236911548117373104e-02 1.400226902961730957e+02 2.251744759440981181e+00
1.258855845347394038e-02 1.316742644309997559e+02 2.097534403467668618e+00
1.281189460780202474e-02 1.238388787508010864e+02 1.954668335550037384e+00
1.303919301388548752e-02 1.164804798364639282e+02 1.822322145425715911e+00
1.327052396683181881e-02 1.095660276412963867e+02 1.699696861615834997e+00
1.350595900886817843e-02 1.030652630329132080e+02 1.586052951462765703e+00
1.374557095146680674e-02 9.695059680938720703e+01 1.480655547664641025e+00
1.398943389786295836e-02 9.119686293601989746e+01 1.382791809961740226e+00
1.423762326597232709e-02 8.578111898899078369e+01 1.291819081491925036e+00
1.449021581171507089e-02 8.068244934082031250e+01 1.207160819299708532e+00
1.474728965275358059e-02 7.588175582885742188e+01 1.128279251162368713e+00
1.500892429265147411e-02 7.136156320571899414e+01 1.054694733771489146e+00
1.527520064546111778e-02 6.710579013824462891e+01 9.860128673154923140e-01
1.554620106074739751e-02 6.309960412979125977e+01 9.218729310093307650e-01
1.582200934905544226e-02 5.932923698425292969e+01 8.620076861470333807e-01
1.610271080783016659e-02 5.578184700012207031e+01 8.061060577358040158e-01
1.638839224779563980e-02 5.244540643692016602e+01 7.539644367118198964e-01
1.667914201980251476e-02 4.930850791931152344e+01 7.053918536787394666e-01
1.697505004215169727e-02 4.636035251617431641e+01 6.602024761922000717e-01
1.727620782840279950e-02 4.359063267707824707e+01 6.181540345256921754e-01
1.758270851567595924e-02 4.098949766159057617e+01 5.791007390908985419e-01
1.789464689345575052e-02 3.854748010635375977e+01 5.428141641454052868e-01
1.821211943290607788e-02 3.625547051429748535e+01 5.091366450089952478e-01
1.853522431670525869e-02 3.410470294952392578e+01 4.778534959828659168e-01
1.886406146941029330e-02 3.208675360679626465e+01 4.487769566677164979e-01
1.919873258835989166e-02 3.019354319572448730e+01 4.217619567876640385e-01
1.953934117512577326e-02 2.841731405258178711e+01 3.966334771982503726e-01
1.988599256752190611e-02 2.675063061714172363e+01 3.732155623189248317e-01
2.023879397218167342e-02 2.518646049499511719e+01 3.514051297086410730e-01
2.059785449771293214e-02 2.371811199188232422e+01 3.310647698501570924e-01
2.096328518844138566e-02 2.233923721313476562e+01 3.121030193345369907e-01
2.133519905875250547e-02 2.104393529891967773e+01 2.944558611241940294e-01
2.171371112804276401e-02 1.982661914825439453e+01 2.780031773227825687e-01
2.209893845629094800e-02 1.868212938308715820e+01 2.626789754446004488e-01
2.249100018026054665e-02 1.760564756393432617e+01 2.484617593305041561e-01
2.289001755034435551e-02 1.659271860122680664e+01 2.351711737374103661e-01
2.329611396806288703e-02 1.563927388191223145e+01 2.229045353615884129e-01
2.370941502422790198e-02 1.474151754379272461e+01 2.114703195366240407e-01
2.413004853778307271e-02 1.389603281021118164e+01 2.009062263036617002e-01
2.455814459533374114e-02 1.309962248802185059e+01 1.911170487380949856e-01
2.499383559137794211e-02 1.234937238693237305e+01 1.820182566446374994e-01
2.543725626925121344e-02 1.164263319969177246e+01 1.736305056441245775e-01
2.588854376279775202e-02 1.097691679000854492e+01 1.658547014179033718e-01
2.634783763878096111e-02 1.034992194175720215e+01 1.586485819621270554e-01
2.681527994004637844e-02 9.759515762329101562e+00 1.520304269954599330e-01
2.729101522945025227e-02 9.203701019287109375e+00 1.459626124338545272e-01
2.777519063456760501e-02 8.680563449859619141e+00 1.403126957473578851e-01
2.826795589319353735e-02 8.188310623168945312e+00 1.351331040513273907e-01
2.876946339965144941e-02 7.725193023681640625e+00 1.303628640309784370e-01
2.927986825192328488e-02 7.289570331573486328e+00 1.260181920073323303e-01
2.979932829961547472e-02 6.879814624786376953e+00 1.219569786386653504e-01
3.032800419277615483e-02 6.494388580322265625e+00 1.182084433701094534e-01
3.086605943157845824e-02 6.131762504577636719e+00 1.147201184030344767e-01
3.141366041688492539e-02 5.790510654449462891e+00 1.116019111497004168e-01
3.197097650170950545e-02 5.469212532043457031e+00 1.087453977115238613e-01
3.253818004359197713e-02 5.166525363922119141e+00 1.060458746913924000e-01
3.311544645790212571e-02 4.881142139434814453e+00 1.037181097449355743e-01
3.370295427208910150e-02 4.611884117126464844e+00 1.015812783120769031e-01
3.430088518089351862e-02 4.357552528381347656e+00 9.953275239250708450e-02
3.490942410253914524e-02 4.117097377777099609e+00 9.783187333100151761e-02
3.552875923592109519e-02 3.889510631561279297e+00 9.620008090644337206e-02
3.615908211880919376e-02 3.673915863037109375e+00 9.476179273990784080e-02
3.680058768708330957e-02 3.469465732574462891e+00 9.344432588988817179e-02
3.745347433502023426e-02 3.275422096252441406e+00 9.214942275066756450e-02
3.811794397664951262e-02 3.091140747070312500e+00 9.104579703755207032e-02
3.879420210819820025e-02 2.916053771972656250e+00 8.994983546616761028e-02
3.948245787164349901e-02 2.749667167663574219e+00 8.890473966203939205e-02
4.018292411939242137e-02 2.591573715209960938e+00 8.802073702534178590e-02
4.089581748010965440e-02 2.441391944885253906e+00 8.717153751727108046e-02
4.162135842571251798e-02 2.298820495605468750e+00 8.640232953357290802e-02
4.235977133955526330e-02 2.163607597351074219e+00 8.593750000000000000e-02
4.311128458582235562e-02 2.035533905029296875e+00 8.542549893995718402e-02
4.387613058015331358e-02 1.914405822753906250e+00 8.515714592418609230e-02
4.465454586152050459e-02 1.800032615661621094e+00 8.515714592418609230e-02
4.544677116538175382e-02 1.692274093627929688e+00 8.526906231618387733e-02
4.625305149813135897e-02 1.590922355651855469e+00 8.549245557905972570e-02
4.707363621287134064e-02 1.495806694030761719e+00 8.578199709374120796e-02
4.790877908652738798e-02 1.406718254089355469e+00 8.618129481605550646e-02
4.875873839833294587e-02 1.323495864868164062e+00 8.657875101289648490e-02
4.962377700970524441e-02 1.245850563049316406e+00 8.701823988259946296e-02
5.050416244553912470e-02 1.173570632934570312e+00 8.725901524878389159e-02
5.140016697694234360e-02 1.106368064880371094e+00 8.747732686155738902e-02
5.231206770543948142e-02 1.043949127197265625e+00 8.754271418365222601e-02
5.324014664866900948e-02 9.860076904296875000e-01 8.749912806485202199e-02
5.418469082760118960e-02 9.322299957275390625e-01 8.725901524878389159e-02
5.514599235530336097e-02 8.822784423828125000e-01 8.677679645126196162e-02
5.612434852727950924e-02 8.358230590820312500e-01 8.629188294677547777e-02
5.712006191341329614e-02 7.925291061401367188e-01 8.582645524499933620e-02
5.813344045154151402e-02 7.520828247070312500e-01 8.502265179562076836e-02
5.916479754268844093e-02 7.141704559326171875e-01 8.430172599573139414e-02
6.021445214798896300e-02 6.784877777099609375e-01 8.364301994282756503e-02
6.128272888733177215e-02 6.448116302490234375e-01 8.295609602185664844e-02
6.236995813975267089e-02 6.128730773925781250e-01 8.230979494416201803e-02
6.347647614560830709e-02 5.824985504150390625e-01 8.170508071621832014e-02
6.460262511056358292e-02 5.534610748291015625e-01 8.111937366130932137e-02
6.574875331142288060e-02 5.256652832031250000e-01 8.060043078891933332e-02
6.691521520383963972e-02 4.989490509033203125e-01 8.026844760950983815e-02
6.810237153193672566e-02 4.732933044433593750e-01 7.995894332210437550e-02
6.931058943987097876e-02 4.486045837402343750e-01 7.969611626212173838e-02
7.054024258537801295e-02 4.248504638671875000e-01 7.950442358221726513e-02
7.179171125533045927e-02 4.020385742187500000e-01 7.928821535228296191e-02
7.306538248334727703e-02 3.801612854003906250e-01 7.916784452934079452e-02
7.436165016948875772e-02 3.592357635498046875e-01 7.902315751618714523e-02
7.568091520207553824e-02 3.393173217773437500e-01 7.890238233095372977e-02
7.702358558166907954e-02 3.204174041748046875e-01 7.887820510276824515e-02
7.839007654725076157e-02 3.025703430175781250e-01 7.875720763146856762e-02
7.978081070464078384e-02 2.857818603515625000e-01 7.863602398123982484e-02
8.119621815719411939e-02 2.701034545898437500e-01 7.856322406687017701e-02
8.263673663881643261e-02 2.555198669433593750e-01 7.858749819816683579e-02
8.410281164933861020e-02 2.420215606689453125e-01 7.834441843801398520e-02
8.559489659229392589e-02 2.295875549316406250e-01 7.822259529101870112e-02
8.711345291513943045e-02 2.181892395019531250e-01 7.822259529101870112e-02
8.865895025196418588e-02 2.077636718750000000e-01 7.810058212161018198e-02
9.023186656873073697e-02 1.982669830322265625e-01 7.795391423232463091e-02
9.183268831109187014e-02 1.896076202392578125e-01 7.810058212161018198e-02
9.346191055483081545e-02 1.817340850830078125e-01 7.802728263843038137e-02
9.512003715897038303e-02 1.745319366455078125e-01 7.802728263843038137e-02
9.680758092159756634e-02 1.679000854492187500e-01 7.802728263843038137e-02
9.852506373845401622e-02 1.617565155029296875e-01 7.802728263843038137e-02
1.002730167643385711e-01 1.560325622558593750e-01 7.802728263843038137e-02
1.020519805773749122e-01 1.506309509277343750e-01 7.800283417076507575e-02
1.038625053461919162e-01 1.454772949218750000e-01 7.812500000000000000e-02
1.057051510000710515e-01 1.404972076416015625e-01 7.810058212161018198e-02
1.075804874021124291e-01 1.356658935546875000e-01 7.814941024899435540e-02
1.094890945254718834e-01 1.309185028076171875e-01 7.807615660666673840e-02
1.114315626327264525e-01 1.262416839599609375e-01 7.802728263843038137e-02
1.134084924584201071e-01 1.216087341308593750e-01 7.800283417076507575e-02
1.154204953948500256e-01 1.170330047607421875e-01 7.790496357491848156e-02
1.174681936811470123e-01 1.125335693359375000e-01 7.797837803780129085e-02
1.195522205957118556e-01 1.081142425537109375e-01 7.790496357491848156e-02
1.216732206520654697e-01 1.038055419921875000e-01 7.795391423232463091e-02
1.238318497981726884e-01 9.964179992675781250e-02 7.805172344800033468e-02
1.260287756193039232e-01 9.566879272460937500e-02 7.812500000000000000e-02
1.282646775444941656e-01 9.190940856933593750e-02 7.822259529101870112e-02
1.305402470566659201e-01 8.841896057128906250e-02 7.829571192510720312e-02
1.328561879064800999e-01 8.521080017089843750e-02 7.836876034272999281e-02
1.352132163299794299e-01 8.232116699218750000e-02 7.836876034272999281e-02
1.376120612700953150e-01 7.976150512695312500e-02 7.846605244765884890e-02
1.400534646020821228e-01 7.753562927246093750e-02 7.846605244765884890e-02
1.425381813629533201e-01 7.565879821777343750e-02 7.839309468902139200e-02
1.450669799849858554e-01 7.409477233886718750e-02 7.846605244765884890e-02
1.476406425333686989e-01 7.286071777343750000e-02 7.839309468902139200e-02
1.502599649480674537e-01 7.187271118164062500e-02 7.839309468902139200e-02
1.529257572899786477e-01 7.113456726074218750e-02 7.844174073446563700e-02
1.556388439914530852e-01 7.059288024902343750e-02 7.846605244765884890e-02
1.584000641112615904e-01 7.019996643066406250e-02 7.861176483397698533e-02
1.612102715940864905e-01 6.989860534667968750e-02 7.878142199257306966e-02
1.640703355346144476e-01 6.963539123535156250e-02 7.895071457581147312e-02
1.669811404463162618e-01 6.936645507812500000e-02 7.907141593748891195e-02
1.699435865349950281e-01 6.905555725097656250e-02 7.926415581133994248e-02
1.729585899771859392e-01 6.863975524902343750e-02 7.938438059727177809e-02
1.760270832034975530e-01 6.810379028320312500e-02 7.940840371193798319e-02
1.791500151869771795e-01 6.744194030761718750e-02 7.943241956118263225e-02
1.823283517365950623e-01 6.661224365234375000e-02 7.940840371193798319e-02
1.855630757959326194e-01 6.562423706054687500e-02 7.938438059727177809e-02
1.888551877471716101e-01 6.448936462402343750e-02 7.936035021058611416e-02
1.922057057204763220e-01 6.320571899414062500e-02 7.931226759471465826e-02
1.956156659088629512e-01 6.182670593261718750e-02 7.938438059727177809e-02
1.990861228886577072e-01 6.035041809082031250e-02 7.955239005631367655e-02
2.026181499456374546e-01 5.884552001953125000e-02 7.962428558843558102e-02
2.062128394069585313e-01 5.732917785644531250e-02 7.988734896959984177e-02
2.098713029789742723e-01 5.585861206054687500e-02 8.010194005628858138e-02
2.135946720910437135e-01 5.447196960449218750e-02 8.031595779278159764e-02
2.173840982454432746e-01 5.320358276367187500e-02 8.057676306537604749e-02
2.212407533734825904e-01 5.209350585937500000e-02 8.071866531160869218e-02
2.251658301979418686e-01 5.116367340087890625e-02 8.081312838116094799e-02
2.291605426019361069e-01 5.044460296630859375e-02 8.081312838116094799e-02
2.332261260043253515e-01 4.993247985839843750e-02 8.078952296854076398e-02
2.373638377417855716e-01 4.964542388916015625e-02 8.071866531160869218e-02
2.415749574576553094e-01 4.955673217773437500e-02 8.076591065677864167e-02
2.458607874976845853e-01 4.966831207275390625e-02 8.078952296854076398e-02
2.502226533128010799e-01 4.996395111083984375e-02 8.090748116096867226e-02
2.546619038690257075e-01 5.038166046142578125e-02 8.118988160479112537e-02
2.591799120646568477e-01 5.090999603271484375e-02 8.154150681698477121e-02
2.637780751548583491e-01 5.150794982910156250e-02 8.200799521569146489e-02
2.684578151837806459e-01 5.210685729980468750e-02 8.235612750901567802e-02
2.732205794243451891e-01 5.270862579345703125e-02 8.281802752778980037e-02
2.780678408258351331e-01 5.323410034179687500e-02 8.309393510227597313e-02
2.830010984694232290e-01 5.367279052734375000e-02 8.327736564581188217e-02
2.880218780317835847e-01 5.397987365722656250e-02 8.330026606303173042e-02
2.931317322569287342e-01 5.413722991943359375e-02 8.330026606303173042e-02
2.983322414364148467e-01 5.414581298828125000e-02 8.327736564581188217e-02
3.036250138980702284e-01 5.398178100585937500e-02 8.325445892948091231e-02
3.090116865033906146e-01 5.366230010986328125e-02 8.336892957192595932e-02
3.144939251537626768e-01 5.318260192871093750e-02 8.366582027579647085e-02
3.200734253056647383e-01 5.259323120117187500e-02 8.418852368067307468e-02
3.257519124950103429e-01 5.189323425292968750e-02 8.484299464442762728e-02
3.315311428707947705e-01 5.113077163696289062e-02 8.564848417687773163e-02
3.374129037382053165e-01 5.033636093139648438e-02 8.638025151365617826e-02
3.433990141113725802e-01 4.953956604003906250e-02 8.699631816921908622e-02
3.494913252759222488e-01 4.877090454101562500e-02 8.736823924353531723e-02
3.556917213615130025e-01 4.806470870971679688e-02 8.756449910726521457e-02
3.620021199245267440e-01 4.744005203247070312e-02 8.754271418365222601e-02
3.684244725410999455e-01 4.690694808959960938e-02 8.741189062734470994e-02
3.749607654106759114e-01 4.647827148437500000e-02 8.745552022358636657e-02
3.816130199702614245e-01 4.613733291625976562e-02 8.780377653511337033e-02
3.883832935195862812e-01 4.588603973388671875e-02 8.858234742537943185e-02
3.952736798573482369e-01 4.568529129028320312e-02 8.980128072322382526e-02
4.022863099287516397e-01 4.551029205322265625e-02 9.121323772527825668e-02
4.094233524845281025e-01 4.532670974731445312e-02 9.276829755498372521e-02
4.166870147516534839e-01 4.509305953979492188e-02 9.399382355871847838e-02
4.240795431159637419e-01 4.476976394653320312e-02 9.472152853892297497e-02
4.316032238168773238e-01 4.431748390197753906e-02 9.494277033387994724e-02
4.392603836544490825e-01 4.370975494384765625e-02 9.470139001875513274e-02
4.470533907089614400e-01 4.292321205139160156e-02 9.458046885002539816e-02
4.549846550732867256e-01 4.194974899291992188e-02 9.508329253623504229e-02
4.630566295982424529e-01 4.079127311706542969e-02 9.683246293937922133e-02
4.712718106511651905e-01 3.947114944458007812e-02 9.983888999321920144e-02
4.796327388879498832e-01 3.801393508911132812e-02 1.036997183785803439e-01
4.881420000387779456e-01 3.646457195281982422e-02 1.074218750000000000e-01
4.968022257077936987e-01 3.486573696136474609e-02 1.097058333592470097e-01
5.056160941869596304e-01 3.326475620269775391e-02 1.099663145332753639e-01
5.145863312843560466e-01 3.168976306915283203e-02 1.085874267493565498e-01
5.237157111671758569e-01 3.015077114105224609e-02 1.081826751884861632e-01
5.330070572196692336e-01 2.862453460693359375e-02 1.128595329155755167e-01
5.424632429163182001e-01 2.701973915100097656e-02 1.253656760615719790e-01
5.520871927104927801e-01 2.518069744110107422e-02 1.426984723250611653e-01
5.618818829388820824e-01 2.285671234130859375e-02 1.556629597279005905e-01
5.718503427419633356e-01 1.967847347259521484e-02 1.528312512460127670e-01
5.819956550008054119e-01 1.513171195983886719e-02 1.351895506302516481e-01
5.923209572904940545e-01 8.546590805053710938e-03 1.853720393391355137e-01
6.028294428504650249e-01 -9.374022483825683594e-04 4.146885008465691635e-01
6.135243615720610277e-01 -1.438370347023010254e-02 8.451007345073389132e-01
6.244090210036009614e-01 -3.307920694351196289e-02 1.529416602114108681e+00
6.354867873732854555e-01 -5.855348706245422363e-02 2.551083323422987270e+00
6.467610866302501149e-01 -9.257739782333374023e-02 4.018231329069546831e+00
6.582354055040829932e-01 -1.371710598468780518e-01 6.064498729196484916e+00
6.699132925831473573e-01 -1.946014463901519775e-01 8.852440543870581990e+00
6.817983594120253787e-01 -2.673653364181518555e-01 1.257741227115007732e+01
6.938942816084432419e-01 -3.581641018390655518e-01 1.747141721832259265e+01
7.062047999999999659e-01 -4.698804020881652832e-01 2.380800307857842313e+01
