# Q(1/A)  I_MAP  dI_MAP
2.628799999999998954e-04 1.485602320841132663e+06 1.464962743375785358e+05
2.675046323149817928e-04 1.521621425702397944e+06 1.454562978768567264e+05
2.722106219947262296e-04 1.557501038187974831e+06 1.443789955908946285e+05
2.769994002926497710e-04 1.593186232333573047e+06 1.432641670514680445e+05
2.818724236410365450e-04 1.628620787976638414e+06 1.421116795618442120e+05
2.868311740939907752e-04 1.663747304177014856e+06 1.409214707040986395e+05
2.918771597781784919e-04 1.698507320876485901e+06 1.396935507023991959e+05
2.970119153515020805e-04 1.732841448625314049e+06 1.384280045861662074e+05
3.022370024698421069e-04 1.766689506158431526e+06 1.371249941374989576e+05
3.075540102620107270e-04 1.799990665557190776e+06 1.357847596078607894e+05
3.129645558130605553e-04 1.832683604685483035e+06 1.344076211897197063e+05
3.184702846560951957e-04 1.864706666541154264e+06 1.329939802296141279e+05
3.240728712727342000e-04 1.895998025115688797e+06 1.315443201700196951e+05
3.297740196023783319e-04 1.926495857307230355e+06 1.300592072083646344e+05
3.355754635604376603e-04 1.956138520384398289e+06 1.285392906625951873e+05
3.414789675656743767e-04 1.984864734451482072e+06 1.269853030339167599e+05
3.474863270768235109e-04 2.012613769319562707e+06 1.253980597585125215e+05
3.535993691386534149e-04 2.039325635143599007e+06 1.237784586414213118e+05
3.598199529376329290e-04 2.064941276142408140e+06 1.221274789671726758e+05
3.661499703673751780e-04 2.089402766677544452e+06 1.204461802832319081e+05
3.725913466040254533e-04 2.112653508928303607e+06 1.187357008539360104e+05
3.791460406917750007e-04 2.134638431364199612e+06 1.169972557840933005e+05
3.858160461386732657e-04 2.155304187183186412e+06 1.152321348132980202e+05
3.926033915229225845e-04 2.174599351854347624e+06 1.134416997835131478e+05
3.995101411098382800e-04 2.192474618877861183e+06 1.116273817844013975e+05
4.065383954796626524e-04 2.208882992853199132e+06 1.097906779825983976e+05
4.136902921664251998e-04 2.223779978929034900e+06 1.079331481429275009e+05
4.209680063080379394e-04 2.237123767695408780e+06 1.060564108514542750e+05
4.283737513078311743e-04 2.248875414570862893e+06 1.041621394519168098e+05
4.359097795077255155e-04 2.258999012734455056e+06 1.022520577091122832e+05
4.435783828732461020e-04 2.267461858655294403e+06 1.003279352142619464e+05
4.513818936905887569e-04 2.274234609280501492e+06 9.839158254940318875e+04
4.593226852759474421e-04 2.279291429956733715e+06 9.644484622927801684e+04
4.674031726973237508e-04 2.282610132180327550e+06 9.448960344090207946e+04
4.756258135090291571e-04 2.284172300297335722e+06 9.252775660236531985e+04
4.839931084991136640e-04 2.283963406306965277e+06 9.056122776394517859e+04
4.925076024499411634e-04 2.281972911960167345e+06 8.859195287573186215e+04
5.011718849121454215e-04 2.278194357389747165e+06 8.662187594721213100e+04
5.099885909922013136e-04 2.272625435558693483e+06 8.465294312510902819e+04
5.189604021538510780e-04 2.265268051870010793e+06 8.268709671679287567e+04
5.280900470336315948e-04 2.256128368343409151e+06 8.072626918699991074e+04
5.373803022707437623e-04 2.245216831831907388e+06 7.877237715631721949e+04
5.468339933515259680e-04 2.232548185824483633e+06 7.682731542995938798e+04
5.564539954687812385e-04 2.218141465458714869e+06 7.489295108564339171e+04
5.662432343962222865e-04 2.202019975449967198e+06 7.297111764917026449e+04
5.762046873783001951e-04 2.184211250730280764e+06 7.106360938604096009e+04
5.863413840356865954e-04 2.164746999680543784e+06 6.917217573703543167e+04
5.966564072866850513e-04 2.143663029933062382e+06 6.729851592487661401e+04
6.071528942848553869e-04 2.120999156817856245e+06 6.544427375847389339e+04
6.178340373731258011e-04 2.096799094624213176e+06 6.361103265990704676e+04
6.287030850546972138e-04 2.071110330948672490e+06 6.180031093851201149e+04
6.397633429810239058e-04 2.043983984501007944e+06 6.001355733494481683e+04
6.510181749571761949e-04 2.015474646840067813e+06 5.825214685661689145e+04
6.624710039648880767e-04 1.985640208611235954e+06 5.651737692470807087e+04
6.741253132036073917e-04 1.954541670955366688e+06 5.481046385111272684e+04
6.859846471498516618e-04 1.922242942855353002e+06 5.313253966225501063e+04
6.980526126352087348e-04 1.888810625279582571e+06 5.148464928518245142e+04
7.103328799432973061e-04 1.854313783071068581e+06 4.986774810956473812e+04
7.228291839260267805e-04 1.818823705616155639e+06 4.828269993808287109e+04
7.355453251394940967e-04 1.782413657406533603e+06 4.673027533555833361e+04
7.484851709998638055e-04 1.745158619682370918e+06 4.521115038690228539e+04
7.616526569595811688e-04 1.707135024411684135e+06 4.372590587135379610e+04
7.750517877042825687e-04 1.668420481921374798e+06 4.227502686014000210e+04
7.886866383707528830e-04 1.629093503547531320e+06 4.085890274342687189e+04
8.025613557863182966e-04 1.589233220716642682e+06 3.947782769089859357e+04
8.166801597300381906e-04 1.548919101904230891e+06 3.813200154961094086e+04
8.310473442160855534e-04 1.508230668943019351e+06 3.682153118121113948e+04
8.456672787997030838e-04 1.467247214168723207e+06 3.554643224010432459e+04
8.605444099061390672e-04 1.426047519897117279e+06 3.430663139142190630e+04
8.756832621829534462e-04 1.384709581721776398e+06 3.310196896732547611e+04
8.910884398761216964e-04 1.343310337106708670e+06 3.193220205742882536e+04
9.067646282303438391e-04 1.301925400722923223e+06 3.079700802665883384e+04
9.227165949139888058e-04 1.260628807941944804e+06 2.969598845148221517e+04
9.389491914691063153e-04 1.219492767853075173e+06 2.862867346169702432e+04
9.554673547869477505e-04 1.178587427115028724e+06 2.759452647073268236e+04
9.722761086094437039e-04 1.137980645886296406e+06 2.659294927411062599e+04
9.893805650571007096e-04 1.097737787003108766e+06 2.562328748912904484e+04
1.006785926183767325e-03 1.057921519489457132e+06 2.468483630445483141e+04
1.024497485558761465e-03 1.018591637390809134e+06 2.377684650235168738e+04
1.042520629876825733e-03 9.798048948226836510e+05 2.289853070986218881e+04
1.060860840596406342e-03 9.416148580179540440e+05 2.204906982967632575e+04
1.079523695606757075e-03 9.040717750431634486e+05 2.122761959571074840e+04
1.098514870924360929e-03 8.672224637354074512e+05 2.043331719242557665e+04
1.117840142419206356e-03 8.311102182883846108e+05 1.966528787345603268e+04
1.137505387571427235e-03 7.957747347898818552e+05 1.892265151019650511e+04
1.157516587258846730e-03 7.612520558843435720e+05 1.820452899938535120e+04
1.177879827575967989e-03 7.275745346044325270e+05 1.751004845710456721e+04
1.198601301684965080e-03 6.947708172857067548e+05 1.683835112722806298e+04
1.219687311699236415e-03 6.628658453495157883e+05 1.618859693405274811e+04
1.241144270600093562e-03 6.318808756126938388e+05 1.555996961227577958e+04
1.262978704187174605e-03 6.018335186588512734e+05 1.495168135282799994e+04
1.285197253063155793e-03 5.727377946867654100e+05 1.436297690920217610e+04
1.307806674653394247e-03 5.446042061378778890e+05 1.379313711678438813e+04
1.330813845261089989e-03 5.174398262964338064e+05 1.324148178651234957e+04
1.354225762158607627e-03 4.912484029558952898e+05 1.270737194353655468e+04
1.378049545715590452e-03 4.660304761529294774e+05 1.219021139178361409e+04
1.402292441564504223e-03 4.417835088865412399e+05 1.168944759555594464e+04
1.426961822804286972e-03 4.185020296661024913e+05 1.120457188022457558e+04
1.452065192242761420e-03 3.961777856689048931e+05 1.073511896246746619e+04
1.477610184678497616e-03 3.747999052342362702e+05 1.028066583275198354e+04
1.503604569222816417e-03 3.543550683799097314e+05 9.840830019762535812e+03
1.530056251662645491e-03 3.348276839966699481e+05 9.415267275446181884e+03
1.556973276864939953e-03 3.162000723573463038e+05 9.003668727870941439e+03
1.584363831223401615e-03 2.984526515703815967e+05 8.605757554871470347e+03
1.612236245148250622e-03 2.815641266130758449e+05 8.221285238501412096e+03
1.640598995599778457e-03 2.655116795947980136e+05 7.850027465797776131e+03
1.669460708666491806e-03 2.502711599291218445e+05 7.491779745762802122e+03
1.698830162188599488e-03 2.358172731311004609e+05 7.146352818789890989e+03
1.728716288427654740e-03 2.221237670055832714e+05 6.813567937084369987e+03
1.759128176783170995e-03 2.091636140486095101e+05 6.493252100011581206e+03
1.790075076557009343e-03 1.969091889546196908e+05 6.185233331172693397e+03
1.821566399766417609e-03 1.853324401932843029e+05 5.889336089123783495e+03
1.853611724006546356e-03 1.744050547063779086e+05 5.605376902990454255e+03
1.886220795363324982e-03 1.640986148614007980e+05 5.333160330928987605e+03
1.919403531377582859e-03 1.543847468941695988e+05 5.072475335076134797e+03
1.953170024061313438e-03 1.452352601723130792e+05 4.823092169417019250e+03
1.987530542967004196e-03 1.366222767105530947e+05 4.584759870591248728e+03
2.022495538310956596e-03 1.285183504765927792e+05 4.357204435362082222e+03
2.058075644151566210e-03 1.208965761279202998e+05 4.140127757413051768e+03
2.094281681623494547e-03 1.137306869283728302e+05 3.933207378933627751e+03
2.131124662228754338e-03 1.069951416928321123e+05 3.736097093728532400e+03
2.168615791185685149e-03 1.006652007166240364e+05 3.548428409639016991e+03
2.206766470836844535e-03 9.471699073584005237e+04 3.369812851875575689e+03
2.245588304116860785e-03 8.912755906939879060e+04 3.199845052530919475e+03
2.285093098081271163e-03 8.387491717333346605e+04 3.038106539619202522e+03
2.325292867497464125e-03 7.893807392913848162e+04 2.884170106048281923e+03
2.366199838498778910e-03 7.429705906030163169e+04 2.737604609462317512e+03
2.407826452302896589e-03 6.993293714135885239e+04 2.597980031711289485e+03
2.450185368995639289e-03 6.582781273045390844e+04 2.464872614375119156e+03
2.493289471381340307e-03 6.196482720219716430e+04 2.337869879111169212e+03
2.537151868900946929e-03 5.832814791419729590e+04 2.216575353844445544e+03
2.581785901619051624e-03 5.490295036442577839e+04 2.100612839093996627e+03
2.627205144281072845e-03 5.167539403905346990e+04 1.989630075881425910e+03
2.673423410441788488e-03 4.863259265632554889e+04 1.883301709140619323e+03
2.720454756666523029e-03 4.576257953623309731e+04 1.781331477677973908e+03
2.768313486806230420e-03 4.305426881391927600e+04 1.683453597342171179e+03
2.817014156347783741e-03 4.049741322547197342e+04 1.589433343217460333e+03
2.866571576840812579e-03 3.808255916278809309e+04 1.499066863415673652e+03
2.917000820402386972e-03 3.580099969739466906e+04 1.412180289255275738e+03
2.968317224300977795e-03 3.364472621760517359e+04 1.328628224283444752e+03
3.020536395621046654e-03 3.160637931849062443e+04 1.248291708151822377e+03
3.073674216009695571e-03 2.967919952683150768e+04 1.171075758148893328e+03
3.127746846506824097e-03 2.785697840693593025e+04 1.096906599524936610e+03
3.182770732460255773e-03 2.613401055000722408e+04 1.025728679867739856e+03
3.238762608527337092e-03 2.450504688984900713e+04 9.575015732376281221e+02
3.295739503764519903e-03 2.296524975135922432e+04 8.921968554539048455e+02
3.353718746806481563e-03 2.151014996413886547e+04 8.297950307149757236e+02
3.412717971136373148e-03 2.013560634729266167e+04 7.702825721903635667e+02
3.472755120448746576e-03 1.883776777884364128e+04 7.136491328702758210e+02
3.533848454106864549e-03 1.761303805953264236e+04 6.598849615120877843e+02
3.596016552695994496e-03 1.645804366806149483e+04 6.089785599810317080e+02
3.659278323674417313e-03 1.536960452973842621e+04 5.609145936842154470e+02
3.723653007123814071e-03 1.434470778273046017e+04 5.156720676279010149e+02
3.789160181600854330e-03 1.338048457925021648e+04 4.732227696979400662e+02
3.855819770091701692e-03 1.247418982799351215e+04 4.335299710491560745e+02
3.923652046071282769e-03 1.162318482160568237e+04 3.965473798125360645e+02
3.992677639669144941e-03 1.082492260643839836e+04 3.622183309734791692e+02
4.062917543943793744e-03 1.007693594639003277e+04 3.304752064810518277e+02
4.134393121267398996e-03 9.376827726379036903e+03 3.012390768516334560e+02
4.207126109822831653e-03 8.722263566762208939e+03 2.744195733293405510e+02
4.281138630214985537e-03 8.110966485947370529e+03 2.499150012059275809e+02
4.356453192198436568e-03 7.540713336080312729e+03 2.276127312342652544e+02
4.433092701523402325e-03 7.009332851707935333e+03 2.073899121110927410e+02
4.511080466902189431e-03 6.514705012649297714e+03 1.891145584844644532e+02
4.590440207098165325e-03 6.054761575609445572e+03 1.726470651964323508e+02
4.671196058139471391e-03 5.627487471252679825e+03 1.578421764185833069e+02
4.753372580659586018e-03 5.230922927856445312e+03 1.445513963339627708e+02
4.836994767367084648e-03 4.863166065305471420e+03 1.326257666476685699e+02
4.922088050646772177e-03 4.522375816285610199e+03 1.219188708568710666e+02
5.008678310294547784e-03 4.206774965405464172e+03 1.122898578693925060e+02
5.096791881388344075e-03 3.914653183311223984e+03 1.036062504241569684e+02
5.186455562297526654e-03 3.644369900345802307e+03 9.574631485184555402e+01
5.277696622833203538e-03 3.394356907367706299e+03 8.860079647076490517e+01
5.370542812541912077e-03 3.163120608568191528e+03 8.207393371930511705e+01
5.465022369145204791e-03 2.949243786215782166e+03 7.608371751513493564e+01
5.561164027127736206e-03 2.751386922061443329e+03 7.056148456015165493e+01
5.658997026476373857e-03 2.568288908779621124e+03 6.545094926231688248e+01
5.758551121573106391e-03 2.398767267465591431e+03 6.070684320754408958e+01
5.859856590244365629e-03 2.241717698395252228e+03 5.629331834893785214e+01
5.962944242969578021e-03 2.096113180935382843e+03 5.218225762082830954e+01
6.067845432251655138e-03 1.961002417802810669e+03 4.835161003422338410e+01
6.174592062152393923e-03 1.835507868587970734e+03 4.478384215152584602e+01
6.283216597995595204e-03 1.718823228657245636e+03 4.146455915212329302e+01
6.393752076240882473e-03 1.610210566401481628e+03 3.838134424905862829e+01
6.506232114531228065e-03 1.508997045159339905e+03 3.552281627023739929e+01
6.620690921917238118e-03 1.414571380496025085e+03 3.287792683035767993e+01
6.737163309261294530e-03 1.326380049943923950e+03 3.043547524487415856e+01
6.855684699824746674e-03 1.243923325061798096e+03 2.818383562244618190e+01
6.976291140041326541e-03 1.166751221656799316e+03 2.611086266672243639e+01
7.099019310480147484e-03 1.094459355354309082e+03 2.420395079275843031e+01
7.223906537001475829e-03 1.026684905052185059e+03 2.245021695582306265e+01
7.350990802108848046e-03 9.631025081872940063e+02 2.083674890621060172e+01
7.480310756500834629e-03 9.034204326868057251e+02 1.935089797664287659e+01
7.611905730826079748e-03 8.473767436742782593e+02 1.798056156881185785e+01
7.745815747645062692e-03 7.947358257770538330e+02 1.671444401415711312e+01
7.882081533602362799e-03 7.452850059270858765e+02 1.554224054471884564e+01
8.020744531813027434e-03 6.988315222263336182e+02 1.445476474017642587e+01
8.161846914466849845e-03 6.551996893882751465e+02 1.344399427460693630e+01
8.305431595654383728e-03 6.142284064292907715e+02 1.250304207978119564e+01
8.451542244418590658e-03 5.757689237594604492e+02 1.162608004239174342e+01
8.600223298036108535e-03 5.396828651428222656e+02 1.080820904740928867e+01
8.751519975532143919e-03 5.058406124114990234e+02 1.004531302405359128e+01
8.905478291433137697e-03 4.741198043823242188e+02 9.333891602123175701e+00
9.062145069761391725e-03 4.444042916297912598e+02 8.670911800744995901e+00
9.221567958275818030e-03 4.165831065177917480e+02 8.053657354863737794e+00
9.383795442963294847e-03 3.905498445034027100e+02 7.479619117872078782e+00
9.548876862784907299e-03 3.662020688056945801e+02 6.946396905026245960e+00
9.716862424681659352e-03 3.434409947395324707e+02 6.451642842992407978e+00
9.887803218844075370e-03 3.221712441444396973e+02 5.993022358216594014e+00
1.006175123425052942e-02 3.023007676601409912e+02 5.568214481519819792e+00
1.023875937447886117e-02 2.837407910823822021e+02 5.174904849149779551e+00
1.041888147379618768e-02 2.664058914184570312e+02 4.810833530968964489e+00
1.060217231353174742e-02 2.502141122817993164e+02 4.473801112345324960e+00
1.078868763873778829e-02 2.350870311260223389e+02 4.161710207131742223e+00
1.097848417514357341e-02 2.209499912261962891e+02 3.872594271177934200e+00
1.117161964640759654e-02 2.077321248054504395e+02 3.604622225920708356e+00
1.136815279167335130e-02 1.953665709495544434e+02 3.356131473771294615e+00
1.156814338343394206e-02 1.837905135154724121e+02 3.125607851038988194e+00
1.177165224571092260e-02 1.729452314376831055e+02 2.911684267470890930e+00
1.197874127255299515e-02 1.627761139869689941e+02 2.713128954839032048e+00
1.218947344686011069e-02 1.532326829433441162e+02 2.528809677981158632e+00
1.240391285953875919e-02 1.442684390544891357e+02 2.357697755967904651e+00
1.262212472899418465e-02 1.358408207893371582e+02 2.198848388274903254e+00
1.284417542096556730e-02 1.279110469818115234e+02 2.051361525047526335e+00
1.307013246871014008e-02 1.204439072608947754e+02 1.914387328942302569e+00
1.330006459354234928e-02 1.134075582027435303e+02 1.787130720500938352e+00
1.353404172573438591e-02 1.067732851505279541e+02 1.668837595722974410e+00
1.377213502578438116e-02 1.005152626037597656e+02 1.558799328547355811e+00
1.401441690605879052e-02 9.461024522781372070e+01 1.456360854485097223e+00
1.426096105281544034e-02 8.903734159469604492e+01 1.360914739512603111e+00
1.451184244861408040e-02 8.377770686149597168e+01 1.271911830509427910e+00
1.476713739512118193e-02 7.881426835060119629e+01 1.188856454408795837e+00
1.502692353631585216e-02 7.413154673576354980e+01 1.111336706359662863e+00
1.529127988210407692e-02 6.971532154083251953e+01 1.038941340445512784e+00
1.556028683234832871e-02 6.555242514610290527e+01 9.713611483216476605e-01
1.583402620131997215e-02 6.163063120841979980e+01 9.082850265490040043e-01
1.611258124258174371e-02 5.793835592269897461e+01 8.494409854680716743e-01
1.639603667430805309e-02 5.446462869644165039e+01 7.946098896370371589e-01
1.668447870505072525e-02 5.119890022277832031e+01 7.435354740835861120e-01
1.697799505995792671e-02 4.813093590736389160e+01 6.959924694837761328e-01
1.727667500745444160e-02 4.525082468986511230e+01 6.517528667496647055e-01
1.758060938639126325e-02 4.254880833625793457e+01 6.106569548477330800e-01
1.788989063367283500e-02 4.001538121700286865e+01 5.724355816309705247e-01
1.820461281237024595e-02 3.764120709896087646e+01 5.369104745355743891e-01
1.852487164032907974e-02 3.541704559326171875e+01 5.039062500000000000e-01
1.885076451928053079e-02 3.333396339416503906e+01 4.732329578263192449e-01
1.918239056446456592e-02 3.138320118188858032e+01 4.446952959611783496e-01
1.951985063477431476e-02 2.955623331665992737e+01 4.181831736787682829e-01
1.986324736343071315e-02 2.784490041062235832e+01 3.935486293733477248e-01
2.021268518919684676e-02 2.624125686287879944e+01 3.706411713904534388e-01
2.056827038814129302e-02 2.473776012659072876e+01 3.493528650467979668e-01
2.093011110596037366e-02 2.332725989818572998e+01 3.295750141339695571e-01
2.129831739086902528e-02 2.200302755832672119e+01 3.111972356599940759e-01
2.167300122707015858e-02 2.075872611999511719e+01 2.941253212320281696e-01
2.205427656881297355e-02 1.958848309516906738e+01 2.782432047793070296e-01
2.244225937505033366e-02 1.848688864707946777e+01 2.634185704572074016e-01
2.283706764470593009e-02 1.744897723197937012e+01 2.496793598094238786e-01
2.323882145256173787e-02 1.647022962570190430e+01 2.367957666585741028e-01
2.364764298577692533e-02 1.554650068283081055e+01 2.248130869684094313e-01
2.406365658104921493e-02 1.467411184310913086e+01 2.136418797502098454e-01
2.448698876242987044e-02 1.384970140457153320e+01 2.032376490520088064e-01
2.491776827980407907e-02 1.307034111022949219e+01 1.934579925282149671e-01
2.535612614804818102e-02 1.233330869674682617e+01 1.843919649239511294e-01
2.580219568687586174e-02 1.163624048233032227e+01 1.759764541134516413e-01
2.625611256138519339e-02 1.097698879241943359e+01 1.681843637934554714e-01
2.671801482331908131e-02 1.035361385345458984e+01 1.609758942369652612e-01
2.718804295305160892e-02 9.764313697814941406e+00 1.544080888754091607e-01
2.766633990231286144e-02 9.207510948181152344e+00 1.482960880681891969e-01
2.815305113766553013e-02 8.681665420532226562e+00 1.426984723250611653e-01
2.864832468474627289e-02 8.185327529907226562e+00 1.375809864480962708e-01
2.915231117328542093e-02 7.717182159423828125e+00 1.328268604368695593e-01
2.966516388291862150e-02 7.275903701782226562e+00 1.286099815090182008e-01
3.018703878980457528e-02 6.860189437866210938e+00 1.245873315141957927e-01
3.071809461406257297e-02 6.468816757202148438e+00 1.209203647825320832e-01
3.125849286804486399e-02 6.100545883178710938e+00 1.175125699725884654e-01
3.180839790545809953e-02 5.754171371459960938e+00 1.144371255882050964e-01
3.236797697134893848e-02 5.428464889526367188e+00 1.115506274319815333e-01
3.293740025296903323e-02 5.122257232666015625e+00 1.090256698199442431e-01
3.351684093153478594e-02 4.834394454956054688e+00 1.065303917444894027e-01
3.410647523489785532e-02 4.563770294189453125e+00 1.044876240241816856e-01
3.470648249114191564e-02 4.309207916259765625e+00 1.024413597026824635e-01
3.531704518312262647e-02 4.069761276245117188e+00 1.007138522215135779e-01
3.593834900396690457e-02 3.844364166259765625e+00 9.909102260910798710e-02
3.657058291354862295e-02 3.632049560546875000e+00 9.757809372497497358e-02
3.721393919595779309e-02 3.431987762451171875e+00 9.631896879639025022e-02
3.786861351798072317e-02 3.243280410766601562e+00 9.504316453590967717e-02
3.853480498860920034e-02 3.065183639526367188e+00 9.391261937633833823e-02
3.921271621959614151e-02 2.897027969360351562e+00 9.295315651789683165e-02
3.990255338707696803e-02 2.738130569458007812e+00 9.190070590639524972e-02
4.060452629427480087e-02 2.587934494018554688e+00 9.106674395995911775e-02
4.131884843530887058e-02 2.445924758911132812e+00 9.028847133848609541e-02
4.204573706012539741e-02 2.311649322509765625e+00 8.969501955628933487e-02
4.278541324057075906e-02 2.184623718261718750e+00 8.920458786460340461e-02
4.353810193762720077e-02 2.064554214477539062e+00 8.894763700574766230e-02
4.430403206983096753e-02 1.951070785522460938e+00 8.881888281954744557e-02
4.508343658289448025e-02 1.843883514404296875e+00 8.886182160997910251e-02
4.587655252055307387e-02 1.742671966552734375e+00 8.914041958784395259e-02
4.668362109665818993e-02 1.647201538085937500e+00 8.937547803630899179e-02
4.750488776853880463e-02 1.557197570800781250e+00 8.978003855125940569e-02
4.834060231165338006e-02 1.472391128540039062e+00 9.022507392539919069e-02
4.919101889555539675e-02 1.392578125000000000e+00 9.064688582712729370e-02
5.005639616119474111e-02 1.317552566528320312e+00 9.098292733478215155e-02
5.093699729957953948e-02 1.246976852416992188e+00 9.127594879334315070e-02
5.183309013182155894e-02 1.180671691894531250e+00 9.131773224656999921e-02
5.274494719058978737e-02 1.118381500244140625e+00 9.138037160382488089e-02
5.367284580299702679e-02 1.059818267822265625e+00 9.121323772527825668e-02
5.461706817494454969e-02 1.004774093627929688e+00 9.092001415865141878e-02
5.557790147695085975e-02 9.530372619628906250e-01 9.035182426734669758e-02
5.655563793148976615e-02 9.043235778808593750e-01 8.982251787161654732e-02
5.755057490186554076e-02 8.584289550781250000e-01 8.914041958784395259e-02
5.856301498265126942e-02 8.151626586914062500e-01 8.843149548962321582e-02
5.959326609171829159e-02 7.742500305175781250e-01 8.767334252915406911e-02
6.064164156388458793e-02 7.355747222900390625e-01 8.679877360659754570e-02
6.170846024621064185e-02 6.989269256591796875e-01 8.607056459582305974e-02
6.279404659497206387e-02 6.641693115234375000e-01 8.549245557905972570e-02
6.389873077433749771e-02 6.311683654785156250e-01 8.486547258750168354e-02
6.502284875678321363e-02 5.997924804687500000e-01 8.421117631761756983e-02
6.616674242527378902e-02 5.699424743652343750e-01 8.377972886534068575e-02
6.733075967724047595e-02 5.415496826171875000e-01 8.346039304383397195e-02
6.851525453038885549e-02 5.145397186279296875e-01 8.309393510227597313e-02
6.972058723036766992e-02 4.888515472412109375e-01 8.291009873746532644e-02
7.094712436033218106e-02 4.644813537597656250e-01 8.274890689185492032e-02
7.219523895243440403e-02 4.413623809814453125e-01 8.265665613085479424e-02
7.346531060127520218e-02 4.194393157958984375e-01 8.249496907008935231e-02
7.475772557935203566e-02 3.987598419189453125e-01 8.237928401938726664e-02
7.607287695453775200e-02 3.792209625244140625e-01 8.233296448577340221e-02
7.741116470962598750e-02 3.608455657958984375e-01 8.219384926758130372e-02
7.877299586397969178e-02 3.436164855957031250e-01 8.200799521569146489e-02
8.015878459731998196e-02 3.274631500244140625e-01 8.189162223920558314e-02
8.156895237569201929e-02 3.123359680175781250e-01 8.182171900645864027e-02
8.300392807964761255e-02 2.982311248779296875e-01 8.165837875143309998e-02
8.446414813468249017e-02 2.850646972656250000e-01 8.154150681698477121e-02
8.595005664396837552e-02 2.728080749511718750e-01 8.140103900068244858e-02
8.746210552341991684e-02 2.613468170166015625e-01 8.140103900068244858e-02
8.900075463913788287e-02 2.506427764892578125e-01 8.133071411584770483e-02
9.056647194727061867e-02 2.406463623046875000e-01 8.128379705736255012e-02
9.215973363633502002e-02 2.312660217285156250e-01 8.137760412499867035e-02
9.378102427204225433e-02 2.224407196044921875e-01 8.121337064957730167e-02
9.543083694467079103e-02 2.140922546386718750e-01 8.142446713154621873e-02
9.710967341903206651e-02 2.061786651611328125e-01 8.137760412499867035e-02
9.881804428707449683e-02 1.986198425292968750e-01 8.142446713154621873e-02
1.005564691231719127e-01 1.914005279541015625e-01 8.142446713154621873e-02
1.023254766421444611e-01 1.844444274902343750e-01 8.137760412499867035e-02
1.041256048600582851e-01 1.777229309082031250e-01 8.128379705736255012e-02
1.059574012578552299e-01 1.712646484375000000e-01 8.128379705736255012e-02
1.078214229478604846e-01 1.650314331054687500e-01 8.126032836997937325e-02
1.097182368432196020e-01 1.590099334716796875e-01 8.114288311656636665e-02
1.116484198303163422e-01 1.532173156738281250e-01 8.123685290267743109e-02
1.136125589442235212e-01 1.476459503173828125e-01 8.118988160479112537e-02
1.156112515472410285e-01 1.423244476318359375e-01 8.111937366130932137e-02
1.176451055105736110e-01 1.372995376586914062e-01 8.123685290267743109e-02
1.197147393992058911e-01 1.325550079345703125e-01 8.135416249866612992e-02
1.218207826600291033e-01 1.281089782714843750e-01 8.144788852341032503e-02
1.239638758132775714e-01 1.239957809448242188e-01 8.149471111337916462e-02
1.261446706473329793e-01 1.202421188354492188e-01 8.161165006162569846e-02
1.283638304169555100e-01 1.168127059936523438e-01 8.168173307158782537e-02
1.306220300450029459e-01 1.137285232543945312e-01 8.170508071621832014e-02
1.329199563276971530e-01 1.109819412231445312e-01 8.172842169104561905e-02
1.352583081435030365e-01 1.085414886474609375e-01 8.165837875143309998e-02
1.376377966656813223e-01 1.063871383666992188e-01 8.172842169104561905e-02
1.400591455785808181e-01 1.045064926147460938e-01 8.158827568048993006e-02
1.425230912977357711e-01 1.028518676757812500e-01 8.158827568048993006e-02
1.450303831938350718e-01 1.013717651367187500e-01 8.165837875143309998e-02
1.475817838206321675e-01 1.000213623046875000e-01 8.172842169104561905e-02
1.501780691468630191e-01 9.875965118408203125e-02 8.184502671780063965e-02
1.528200287922455991e-01 9.752511978149414062e-02 8.193819126329308922e-02
1.555084662676301244e-01 9.629726409912109375e-02 8.217064049985402241e-02
1.582441992193744651e-01 9.500789642333984375e-02 8.233296448577340221e-02
1.610280596780185314e-01 9.362125396728515625e-02 8.244871452814622748e-02
1.638608943113331884e-01 9.212970733642578125e-02 8.263357734885226624e-02
1.667435646818217210e-01 9.048700332641601562e-02 8.263357734885226624e-02
1.696769475087497037e-01 8.869314193725585938e-02 8.270279437398488087e-02
1.726619349347860988e-01 8.674049377441406250e-02 8.267972847076845988e-02
1.756994347973344639e-01 8.463430404663085938e-02 8.270279437398488087e-02
1.787903709046374523e-01 8.240795135498046875e-02 8.263357734885226624e-02
1.819356833167387333e-01 8.007431030273437500e-02 8.267972847076845988e-02
1.851363286313874590e-01 7.767152786254882812e-02 8.274890689185492032e-02
1.883932802749732072e-01 7.522630691528320312e-02 8.281802752778980037e-02
1.917075287985774423e-01 7.280898094177246094e-02 8.302504416731359971e-02
1.950800821792348649e-01 7.044363021850585938e-02 8.323154590883795334e-02
1.985119661264937441e-01 6.818151473999023438e-02 8.346039304383397195e-02
2.020042243943694915e-01 6.606769561767578125e-02 8.371140231147203292e-02
2.055579190987861793e-01 6.413698196411132812e-02 8.387074434993706251e-02
2.091741310406023124e-01 6.243681907653808594e-02 8.405247965371098751e-02
2.128539600343204441e-01 6.098473072052001953e-02 8.412052916936729741e-02
2.165985252425773888e-01 5.979979038238525391e-02 8.416586494693453768e-02
2.204089655165208106e-01 5.889028310775756836e-02 8.418852368067307468e-02
2.242864397421729383e-01 5.824875831604003906e-02 8.409785211566790653e-02
2.282321271928877127e-01 5.787456035614013672e-02 8.407516894543314023e-02
2.322472278880082508e-01 5.772900581359863281e-02 8.418852368067307468e-02
2.363329629578339586e-01 5.779507756233215332e-02 8.436957447834053658e-02
2.404905750150091726e-01 5.804017186164855957e-02 8.461788680638464288e-02
2.447213285324429388e-01 5.839625000953674316e-02 8.491041062220373858e-02
2.490265102278797771e-01 5.883845686912536621e-02 8.544782364932561325e-02
2.534074294552345341e-01 5.931928753852844238e-02 8.582645524499933620e-02
2.578654186028120354e-01 5.978205800056457520e-02 8.626977666155381808e-02
2.624018334985321332e-01 6.019270420074462891e-02 8.644646865754190834e-02
2.670180538222834410e-01 6.050264835357666016e-02 8.660077842732563647e-02
2.717154835255324863e-01 6.069397926330566406e-02 8.664481645632357565e-02
2.764955512583121000e-01 6.073570251464843750e-02 8.664481645632357565e-02
2.813597108037241834e-01 6.062173843383789062e-02 8.660077842732563647e-02
2.863094415200847509e-01 6.034803390502929688e-02 8.662280024037767590e-02
2.913462487908478615e-01 5.991411209106445312e-02 8.677679645126196162e-02
2.964716644824444414e-01 5.934876203536987305e-02 8.714965436454337466e-02
3.016872474101753854e-01 5.867409706115722656e-02 8.773858377037578593e-02
3.069945838123019355e-01 5.791902542114257812e-02 8.849617780632181019e-02
3.123952878324738336e-01 5.711936950683593750e-02 8.926871001583155940e-02
3.178910020106469059e-01 5.631065368652343750e-02 9.005579596405080545e-02
3.234833977826356843e-01 5.553579330444335938e-02 9.064688582712729370e-02
3.291741759884547758e-01 5.482256412506103516e-02 9.104579703755207032e-02
3.349650673896026332e-01 5.420184135437011719e-02 9.110862335695782410e-02
3.408578331954454366e-01 5.369603633880615234e-02 9.100388872829487386e-02
3.468542655988628431e-01 5.331456661224365234e-02 9.089903342359449689e-02
3.529561883213134243e-01 5.305373668670654297e-02 9.096196111089857594e-02
3.591654571674925966e-01 5.290937423706054688e-02 9.133861680539001604e-02
3.654839605897462484e-01 5.285477638244628906e-02 9.219081032192145975e-02
3.719136202624140353e-01 5.285799503326416016e-02 9.350554065301425188e-02
3.784563916662768701e-01 5.288434028625488281e-02 9.510335018703008902e-02
3.851142646832854677e-01 5.288362503051757812e-02 9.671420627453083951e-02
3.918892642017532402e-01 5.281364917755126953e-02 9.800718195542482136e-02
3.987834507321926236e-01 5.263614654541015625e-02 9.874394265441045759e-02
4.057989210339884578e-01 5.231118202209472656e-02 9.889835079040752708e-02
4.129378087530944375e-01 5.181026458740234375e-02 9.864731483729992367e-02
4.202022850709480895e-01 5.113244056701660156e-02 9.851187666342571536e-02
4.275945593648021181e-01 5.027902126312255859e-02 9.907177228884686548e-02
4.351168798796712367e-01 4.927945137023925781e-02 1.009975271394366880e-01
4.427715344121028740e-01 4.818147420883178711e-02 1.041218979317331261e-01
4.505608510059720406e-01 4.704719781875610352e-02 1.081826751884861632e-01
4.584871986605215111e-01 4.594773054122924805e-02 1.118750272782787908e-01
4.665529880508553773e-01 4.496234655380249023e-02 1.140865770821112013e-01
4.747606722611085739e-01 4.415458440780639648e-02 1.140698574253815462e-01
4.831127475305138086e-01 4.356813430786132812e-02 1.126734773582496602e-01
4.916117540125937158e-01 4.318737983703613281e-02 1.126904041933723122e-01
5.002602765477107694e-01 4.293435811996459961e-02 1.184502281254398853e-01
5.090609454492032171e-01 4.260975122451782227e-02 1.325105713279958464e-01
5.180164373033557812e-01 4.188787937164306641e-02 1.508717951904343657e-01
5.271294757834413813e-01 4.024356603622436523e-02 1.636084677297927059e-01
5.364028324780836243e-01 3.693193197250366211e-02 1.586365590314166019e-01
5.458393277341927474e-01 3.091973066329956055e-02 1.401358680832195114e-01
5.554418315147291452e-01 2.083885669708251953e-02 2.044726926297250058e-01
5.652132642715601563e-01 4.934489727020263672e-03 4.599972202382892061e-01
5.751565978336671270e-01 -1.901119947433471680e-02 9.283550555314811215e-01
5.852748563109823055e-01 -5.371731519699096680e-02 1.667459807819474671e+00
5.955711170141250177e-01 -1.024831533432006836e-01 2.766533826220292980e+00
6.060485113903171239e-01 -1.692311167716979980e-01 4.340319699233310402e+00
6.167102259757643035e-01 -2.585722804069519043e-01 6.530254963545911728e+00
6.275595033647901611e-01 -3.758517503738403320e-01 9.508349313368702482e+00
6.385996431960242470e-01 -5.271893739700317383e-01 1.348080676485996321e+01
6.498340031559308727e-01 -7.195184826850891113e-01 1.869263002540963114e+01
6.612659999999999094e-01 -9.606079459190368652e-01 2.543224248517434560e+01
