# Q(1/A)  I_MAP  dI_MAP
2.628799999999998954e-04 1.386895585188101046e+06 1.246790835124168807e+05
2.675438070964800586e-04 1.419350584545141319e+06 1.237257300489610643e+05
2.722903557352346284e-04 1.451601427657551132e+06 1.227393472885059309e+05
2.771211138506526656e-04 1.483595819079943933e+06 1.217198455776671181e+05
2.820375754200420289e-04 1.515280428586720955e+06 1.206671991498740827e+05
2.870412609256645163e-04 1.546601008580089780e+06 1.195814481954680232e+05
2.921337178249632373e-04 1.577502518940357957e+06 1.184627007444567716e+05
2.973165210291369332e-04 1.607929259087776765e+06 1.173111343477467890e+05
3.025912733902008352e-04 1.637825006980689708e+06 1.161269975431841158e+05
3.079596061966908367e-04 1.667133164729883196e+06 1.149106110934441094e+05
3.134231796781628216e-04 1.695796910463832086e+06 1.136623689835038822e+05
3.189836835186387210e-04 1.723759356034250464e+06 1.123827391662917944e+05
3.246428373791666985e-04 1.750963710106513463e+06 1.110722640460169641e+05
3.304023914296471982e-04 1.777353446134985425e+06 1.097315606896979734e+05
3.362641268900991407e-04 1.802872474679768551e+06 1.083613207584200427e+05
3.422298565815239113e-04 1.827465319478887133e+06 1.069623101511702262e+05
3.483014254865459238e-04 1.851077296649080701e+06 1.055353683551690046e+05
3.544807113199996006e-04 1.873654696349026635e+06 1.040814074980520381e+05
3.607696251096353208e-04 1.895144966201862786e+06 1.026014110986171581e+05
3.671701117871337995e-04 1.915496895739203319e+06 1.010964325143007300e+05
3.736841507895997147e-04 1.934660801096959272e+06 9.956759308502738713e+04
3.803137566717306600e-04 1.952588709164518630e+06 9.801607997474590957e+04
3.870609797288466049e-04 1.969234540363448672e+06 9.644314371348630812e+04
3.939279066309686757e-04 1.984554289210243151e+06 9.485009544443349296e+04
4.009166610681532024e-04 1.998506201799985021e+06 9.323830388229017262e+04
4.080294044072686516e-04 2.011050949334457982e+06 9.160919199078627571e+04
4.152683363604304980e-04 2.022151796809453983e+06 8.996423338904038246e+04
4.226356956652892443e-04 2.031774765972078545e+06 8.830494849802444514e+04
4.301337607773916827e-04 2.039888791659913026e+06 8.663290044033712184e+04
4.377648505748250288e-04 2.046465870640184730e+06 8.494969070791153354e+04
4.455313250753588166e-04 2.051481202078838600e+06 8.325695461415515456e+04
4.534355861663153810e-04 2.054913318786643678e+06 8.155635654845841054e+04
4.614800783473826246e-04 2.056744208412292879e+06 7.984958505266798602e+04
4.696672894866124712e-04 2.056959423781168880e+06 7.813834774052423018e+04
4.779997515898240165e-04 2.055548181612716056e+06 7.642436608241226349e+04
4.864800415836623669e-04 2.052503448889400810e+06 7.470937007911904948e+04
4.951107821125495237e-04 2.047822016196035314e+06 7.299509284935428877e+04
5.038946423497687099e-04 2.041504557399523677e+06 7.128326515687687788e+04
5.128343388229472275e-04 2.033555675095734186e+06 6.957560990387381753e+04
5.219326362541750136e-04 2.023983931312291417e+06 6.787383661799463152e+04
5.311923484150342292e-04 2.012801863022886682e+06 6.617963596092762600e+04
5.406163389967977035e-04 2.000025982100405963e+06 6.449467428685485356e+04
5.502075224960606718e-04 1.985676759412219282e+06 6.282058827906451188e+04
5.599688651160921425e-04 1.969778592840892961e+06 6.115897969331474451e+04
5.699033856841702241e-04 1.952359759097252274e+06 5.951141023578466411e+04
5.800141565851962052e-04 1.933452349279305665e+06 5.787939660357397952e+04
5.903043047118737259e-04 1.913092188219870208e+06 5.626440571452424047e+04
6.007770124317377523e-04 1.891318737756998045e+06 5.466785015250657307e+04
6.114355185713500488e-04 1.868174984154097736e+06 5.309108385318924411e+04
6.222831194179451013e-04 1.843707309990239562e+06 5.153539805394109135e+04
6.333231697388565229e-04 1.817965350935002789e+06 5.000201753008666128e+04
6.445590838190193858e-04 1.791001837915531360e+06 4.849209713798663142e+04
6.559943365168885952e-04 1.762872425275742542e+06 4.700671868369360163e+04
6.676324643390821930e-04 1.733635505618008785e+06 4.554688813375500467e+04
6.794770665340949109e-04 1.703352012105491944e+06 4.411353318294694327e+04
6.915318062054173157e-04 1.672085209087892901e+06 4.270750119117981376e+04
7.038004114443945905e-04 1.639900471994102467e+06 4.132955749973827187e+04
7.162866764831956386e-04 1.606865057511170628e+06 3.998038413480651798e+04
7.289944628682249296e-04 1.573047865139830858e+06 3.866057890365247295e+04
7.419277006543606749e-04 1.538519191281468840e+06 3.737065488675875531e+04
7.550903896203792903e-04 1.503350477069682907e+06 3.611104032683988044e+04
7.684866005059365086e-04 1.467614051210539415e+06 3.488207891358955385e+04
7.821204762705039103e-04 1.431382869138954440e+06 3.368403046064072259e+04
7.959962333746297206e-04 1.394730249833843205e+06 3.251707196979885703e+04
8.101181630839421549e-04 1.357729611660980619e+06 3.138129907485580043e+04
8.244906327962760878e-04 1.320454208630281966e+06 3.027672785652092716e+04
8.391180873923520609e-04 1.282976868462249171e+06 2.920329701757917792e+04
8.540050506104184371e-04 1.245369733857077779e+06 2.816087040612040073e+04
8.691561264452727070e-04 1.207704008348902455e+06 2.714923987340531312e+04
8.845760005721163381e-04 1.170049708106931765e+06 2.616812845100796039e+04
9.002694417956557055e-04 1.132475421014602995e+06 2.521719383101784479e+04
9.162413035249268025e-04 1.095048074317730032e+06 2.429603213106619296e+04
9.324965252742715592e-04 1.057832712082854006e+06 2.340418192495123003e+04
9.490401341909520316e-04 1.020892283648160286e+06 2.254112851745365697e+04
9.658772466098665020e-04 9.842874441812732257e+05 2.170630844078344671e+04
9.830130696358385742e-04 9.480763683819170110e+05 2.089911414755246733e+04
1.000452902753992636e-03 9.123145782834370621e+05 2.011889887359363274e+04
1.018202139468684601e-03 8.770547860149345361e+05 1.936498164135815750e+04
1.036266268971518766e-03 8.423467522880039178e+05 1.863665237244816672e+04
1.054650877838957633e-03 8.082371612671152689e+05 1.793317707542314383e+04
1.073361651760039708e-03 7.747695123736285605e+05 1.725380307231441111e+04
1.092404377294763302e-03 7.419840294593591243e+05 1.659776422545202877e+04
1.111784943663651120e-03 7.099175876683192328e+05 1.596428612353217432e+04
1.131509344569075690e-03 6.786036581856561825e+05 1.535259118440934253e+04
1.151583680048893577e-03 6.480722709517059848e+05 1.476190363032867754e+04
1.172014158362963670e-03 6.183499952971059829e+05 1.419145429128577052e+04
1.192807097913132618e-03 5.894599383345078677e+05 1.364048519057426347e+04
1.213968929197288072e-03 5.614217608220111579e+05 1.310825386928412263e+04
1.235506196798082101e-03 5.342517100973343477e+05 1.259403740518929771e+04
1.257425561406921551e-03 5.079626695685209706e+05 1.209713608662044862e+04
1.279733801883888846e-03 4.825642241373891011e+05 1.161687670261704989e+04
1.302437817354185458e-03 4.580627408302882686e+05 1.115261541571635826e+04
1.325544629341784963e-03 4.344614638124732301e+05 1.070374018871922817e+04
1.349061383940937994e-03 4.117606228746064007e+05 1.026967274026873565e+04
1.372995354026188691e-03 3.899575543972812593e+05 9.849870012653491358e+03
1.397353941501620856e-03 3.690468337273728102e+05 9.443825138617865377e+03
1.422144679589987118e-03 3.490204178371392190e+05 9.051067902630080425e+03
1.447375235162464682e-03 3.298677970830705017e+05 8.671164697578304185e+03
1.473053411109742162e-03 3.115761548385396600e+05 8.303717984782020721e+03
1.499187148755160015e-03 2.941305337424390018e+05 7.948365271186240534e+03
1.525784530310684119e-03 2.775140072838123888e+05 7.604777625762693788e+03
1.552853781376427409e-03 2.617078554319515824e+05 7.272657759759541477e+03
1.580403273484533603e-03 2.466917430225927383e+05 6.951737704874820338e+03
1.608441526688189974e-03 2.324438996208291501e+05 6.641776125768746169e+03
1.636977212196565187e-03 2.189412996046412736e+05 6.342555310490144620e+03
1.666019155056495992e-03 2.061598412435911596e+05 6.053877885338938540e+03
1.695576336881754334e-03 1.940745235912054777e+05 5.775563306644964541e+03
1.725657898630738197e-03 1.826596200586017221e+05 5.507444185590413326e+03
1.756273143433425979e-03 1.718888475998472422e+05 5.249362506030511213e+03
1.787431539468507758e-03 1.617355305051412433e+05 5.001165800484279316e+03
1.819142722891536066e-03 1.521727578748241067e+05 4.762703351750747061e+03
1.851416500815041824e-03 1.431735339291188866e+05 4.533822492963865443e+03
1.884262854341524004e-03 1.347109203940443695e+05 4.314365081038740755e+03
1.917691941650225256e-03 1.267581702984906733e+05 4.104164221344091857e+03
1.951714101138703325e-03 1.192888526098579168e+05 3.903041322884726014e+03
1.986339854620105747e-03 1.122769672351703048e+05 3.710803562960713862e+03
2.021579910577188648e-03 1.056970500134900212e+05 3.527241837252191999e+03
2.057445167474067794e-03 9.952426742407679558e+04 3.352129267758875812e+03
2.093946717126699344e-03 9.373450083568692207e+04 3.185220326969194048e+03
2.131095848133192101e-03 8.830442021721228957e+04 3.026250630847813227e+03
2.168904049364943701e-03 8.321154732672870159e+04 2.874937427328104604e+03
2.207383013519737241e-03 7.843430848698690534e+04 2.730980791713696362e+03
2.246544640737869070e-03 7.395207714065164328e+04 2.594065510207896295e+03
2.286401042282424495e-03 6.974520646328851581e+04 2.463863608051737629e+03
2.326964544284845001e-03 6.579505238521844149e+04 2.340037446132414061e+03
2.368247691556956639e-03 6.208398744370415807e+04 2.222243286734637422e+03
2.410263251470628337e-03 5.859540595174953341e+04 2.110135200121957041e+03
2.453024217906239323e-03 5.531372101939097047e+04 2.003369169816432986e+03
2.496543815271229805e-03 5.222435401634499431e+04 1.901607240105857500e+03
2.540835502589913666e-03 4.931371709830686450e+04 1.804521550028444381e+03
2.585912977665867640e-03 4.656918945646658540e+04 1.711798102870575804e+03
2.631790181318170718e-03 4.397908796291798353e+04 1.623140138461346851e+03
2.678481301692784387e-03 4.153263290981203318e+04 1.538270997619406671e+03
2.726000778650423343e-03 3.921990953688323498e+04 1.456936394767346883e+03
2.774363308232286659e-03 3.703182604467868805e+04 1.378906048442188194e+03
2.823583847205000767e-03 3.496006878367066383e+04 1.303974648673874754e+03
2.873677617686211036e-03 3.299705528588593006e+04 1.231962171074422486e+03
2.924660111852222730e-03 3.113588579184561968e+04 1.162713571849277969e+03
2.976547096729158064e-03 2.937029388947039843e+04 1.096097919772993009e+03
3.029354619069133791e-03 2.769459685238450766e+04 1.032007038107241215e+03
3.083099010312928198e-03 2.610364622221887112e+04 9.703537360321834058e+02
3.137796891640710472e-03 2.459277913782745600e+04 9.110697181584773716e+02
3.193465179112360292e-03 2.315777087357640266e+04 8.541032569180003975e+02
3.250121088898979237e-03 2.179478898563235998e+04 7.994167142958361865e+02
3.307782142607233744e-03 2.050034943464398384e+04 7.469839878791834735e+02
3.366466172698157240e-03 1.927127497979998589e+04 6.967879517877890976e+02
3.426191328002056377e-03 1.810465610533952713e+04 6.488179529929377622e+02
3.486976079331312057e-03 1.699781467968225479e+04 6.030674120576159112e+02
3.548839225192700671e-03 1.594827049435675144e+04 5.595315696427775265e+02
3.611799897601099089e-03 1.495371078756451607e+04 5.182054085987003873e+02
3.675877567996325892e-03 1.401196280702948570e+04 4.790817740328677132e+02
3.741092053264940751e-03 1.312096941819787025e+04 4.421497046482057840e+02
3.807463521868875884e-03 1.227876773263514042e+04 4.073929826736041946e+02
3.875012500082818633e-03 1.148347068041563034e+04 3.747889047828736580e+02
3.943759878342231219e-03 1.073325142982602119e+04 3.443072703697140469e+02
4.013726917704013054e-03 1.002633051145076752e+04 3.159095881145449312e+02
4.084935256421760169e-03 9.360965502411127090e+03 2.895484942666322468e+02
4.157406916637682200e-03 8.735443081900477409e+03 2.651673868586336766e+02
4.231164311193260329e-03 8.148073247969150543e+03 2.427002803041704340e+02
4.306230250560711369e-03 7.597185512885451317e+03 2.220718954102693772e+02
4.382627949897448076e-03 7.081126834198832512e+03 2.031980047499701527e+02
4.460381036225673744e-03 6.598261071175336838e+03 1.859860593021980719e+02
4.539513555739347998e-03 6.146969731241464615e+03 1.703361240066286086e+02
4.620049981240807561e-03 5.725653797656297684e+03 1.561421401035197221e+02
4.702015219709324879e-03 5.332736418187618256e+03 1.432935129623326134e+02
4.785434620003895315e-03 4.966666233956813812e+03 1.316769983913856947e+02
4.870333980702753508e-03 4.625921181797981262e+03 1.211788177763983043e+02
4.956739558081899207e-03 4.309012564301490784e+03 1.116868922596488432e+02
5.044678074235219023e-03 4.014489230751991272e+03 1.030930602948769490e+02
5.134176725338668312e-03 3.740941721141338348e+03 9.529512220710608972e+01
5.225263190061041514e-03 3.487006242901086807e+03 8.819856323663574926e+01
5.317965638123972084e-03 3.251368363082408905e+03 8.171784233333154646e+01
5.412312739013808334e-03 3.032766337305307388e+03 7.577717956308086400e+01
5.508333670848032312e-03 2.829993955969810486e+03 7.031082772533945047e+01
5.606058129399006836e-03 2.641902936637401581e+03 6.526286580776530855e+01
5.705516337277777641e-03 2.467404713600873947e+03 6.058659688073043270e+01
5.806739053280818123e-03 2.305471703797578812e+03 5.624364343966492896e+01
5.909757581902620564e-03 2.155137973219156265e+03 5.220284947331462178e+01
6.014603783017019589e-03 2.015499343603849411e+03 4.843908854186967261e+01
6.121310081730308751e-03 1.885712954163551331e+03 4.493206512310342049e+01
6.229909478409132242e-03 1.764996281147003174e+03 4.166517373017100567e+01
6.340435558886282907e-03 1.652625722587108612e+03 3.862446890160314439e+01
6.452922504847585436e-03 1.547934704422950745e+03 3.579777647604194613e+01
6.567405104403065304e-03 1.450311429440975189e+03 3.317396674656421851e+01
6.683918762845597952e-03 1.359196306735277176e+03 3.074239633724333487e+01
6.802499513600528472e-03 1.274079114347696304e+03 2.849251377765094517e+01
6.923184029369445006e-03 1.194495940811932087e+03 2.641362880563988114e+01
7.046009633471732314e-03 1.120026006959378719e+03 2.449481091723995974e+01
7.171014311387324640e-03 1.050288386745378375e+03 2.272491640048287564e+01
7.298236722504217525e-03 9.849387006685137749e+02 2.109270062132235424e+01
7.427716212074391040e-03 9.236658261120319366e+02 1.958699398592190732e+01
7.559492823381881027e-03 8.661886752843856812e+02 1.819690746820046812e+01
7.693607310126696769e-03 8.122530679404735565e+02 1.691204260907539236e+01
7.830101149028469154e-03 7.616287831962108612e+02 1.572267590254982927e+01
7.969016552653683874e-03 7.141067243218421936e+02 1.461990893835261396e+01
8.110396482470460036e-03 6.694963373541831970e+02 1.359575362950323552e+01
8.254284662134995024e-03 6.276232058405876160e+02 1.264317871251304304e+01
8.400725591013685420e-03 5.883268808126449585e+02 1.175608408444275632e+01
8.549764557945174065e-03 5.514589477777481079e+02 1.092924894553270398e+01
8.701447655246524748e-03 5.168813105821609497e+02 1.015822903645032049e+01
8.855821792967876957e-03 4.844647209644317627e+02 9.439236916880412664e+00
9.012934713400030246e-03 4.540875164270401001e+02 8.769021421705842201e+00
9.172835005839421671e-03 4.256345691680908203e+02 8.144727731068265086e+00
9.335572121614958002e-03 3.989964261054992676e+02 7.563787429558092690e+00
9.501196389381580745e-03 3.740686440467834473e+02 7.023818772673964261e+00
9.669759030685025694e-03 3.507512409687042236e+02 6.522539234562430011e+00
9.841312175802793827e-03 3.289483516216278076e+02 6.057714402155005118e+00
1.001590887986618383e-02 3.085679287910461426e+02 5.627124639437416143e+00
1.019360313926825738e-02 2.895216078758239746e+02 5.228555752554271407e+00
1.037444990836298292e-02 2.717245893478393555e+02 4.859799283753305055e+00
1.055850511646059219e-02 2.550956673622131348e+02 4.518677415700107503e+00
1.074582568512450452e-02 2.395571789741516113e+02 4.203066460297497642e+00
1.093646954577506998e-02 2.250350933074951172e+02 3.910928350812060916e+00
1.113049565760565116e-02 2.114590907096862793e+02 3.640341031374262570e+00
1.132796402581655142e-02 1.987625455856323242e+02 3.389513809313275505e+00
1.152893572017243441e-02 1.868826322555541992e+02 3.156811352656310632e+00
1.173347289388896805e-02 1.757603483200073242e+02 2.940749298938790002e+00
1.194163880285455982e-02 1.653405094146728516e+02 2.740002579513783676e+00
1.215349782519309536e-02 1.555717267990112305e+02 2.553382096717202732e+00
1.236911548117373104e-02 1.464063739776611328e+02 2.379834524861478062e+00
1.258855845347394038e-02 1.378004703521728516e+02 2.218412131790350905e+00
1.281189460780202474e-02 1.297135934829711914e+02 2.068280068120743387e+00
1.303919301388548752e-02 1.221087026596069336e+02 1.928646409126241856e+00
1.327052396683181881e-02 1.149520225524902344e+02 1.798795254517806752e+00
1.350595900886817843e-02 1.082128076553344727e+02 1.678066305203165465e+00
1.374557095146680674e-02 1.018631706237792969e+02 1.565821664606657171e+00
1.398943389786295836e-02 9.587778854370117188e+01 1.461479208976810718e+00
1.423762326597232709e-02 9.023376846313476562e+01 1.364461568199613950e+00
1.449021581171507089e-02 8.491037368774414062e+01 1.274250543269056068e+00
1.474728965275358059e-02 7.988878631591796875e+01 1.190333148900379889e+00
1.500892429265147411e-02 7.515184783935546875e+01 1.112244240154049768e+00
1.527520064546111778e-02 7.068397140502929688e+01 1.039554336133247769e+00
1.554620106074739751e-02 6.647076416015625000e+01 9.718578079518387369e-01
1.582200934905544226e-02 6.249901390075683594e+01 9.087909723881177904e-01
1.610271080783016659e-02 5.875635528564453125e+01 8.500133737746148332e-01
1.638839224779563980e-02 5.523131370544433594e+01 7.951929628363993974e-01
1.667914201980251476e-02 5.191292953491210938e+01 7.440816700727691524e-01
1.697505004215169727e-02 4.879089736938476562e+01 6.964198520659520275e-01
1.727620782840279950e-02 4.585530090332031250e+01 6.519430608869702937e-01
1.758270851567595924e-02 4.309667205810546875e+01 6.104257767380486532e-01
1.789464689345575052e-02 4.050579452514648438e+01 5.717154191622021431e-01
1.821211943290607788e-02 3.807378005981445312e+01 5.355980156563315830e-01
1.853522431670525869e-02 3.579197311401367188e+01 5.018999242234918334e-01
1.886406146941029330e-02 3.365201187133789062e+01 4.704923672355940667e-01
1.919873258835989166e-02 3.164571762084960938e+01 4.412376959708940172e-01
1.953934117512577326e-02 2.976525497436523438e+01 4.139980050006657475e-01
1.988599256752190611e-02 2.800292205810546875e+01 3.886669676197734291e-01
2.023879397218167342e-02 2.635142135620117188e+01 3.651769256288227572e-01
2.059785449771293214e-02 2.480368041992187500e+01 3.433447095844194830e-01
2.096328518844138566e-02 2.335287857055664062e+01 3.231049675699205204e-01
2.133519905875250547e-02 2.199261856079101562e+01 3.043618050913049489e-01
2.171371112804276401e-02 2.071677017211914062e+01 2.869831248781777311e-01
2.209893845629094800e-02 1.951954269409179688e+01 2.708794970172103689e-01
2.249100018026054665e-02 1.839549255371093750e+01 2.559413632950182094e-01
2.289001755034435551e-02 1.733953475952148438e+01 2.420535794049209488e-01
2.329611396806288703e-02 1.634695434570312500e+01 2.291574187291211262e-01
2.370941502422790198e-02 1.541330718994140625e+01 2.171221518145805274e-01
2.413004853778307271e-02 1.453453063964843750e+01 2.059042141631789169e-01
2.455814459533374114e-02 1.370690917968750000e+01 1.954003708585032861e-01
2.499383559137794211e-02 1.292694091796875000e+01 1.855879888660042776e-01
2.543725626925121344e-02 1.219139099121093750e+01 1.764527106111755117e-01
2.588854376279775202e-02 1.149750518798828125e+01 1.678892435378250281e-01
2.634783763878096111e-02 1.084249114990234375e+01 1.599655877300255602e-01
2.681527994004637844e-02 1.022398376464843750e+01 1.525314348685112009e-01
2.729101522945025227e-02 9.639762878417968750e+00 1.457664699769163352e-01
2.777519063456760501e-02 9.087768554687500000e+00 1.394399941296994849e-01
2.826795589319353735e-02 8.566154479980468750e+00 1.336856637394343850e-01
2.876946339965144941e-02 8.073181152343750000e+00 1.282981632805858807e-01
2.927986825192328488e-02 7.607292175292968750e+00 1.234183381092154586e-01
2.979932829961547472e-02 7.167045593261718750e+00 1.188681566773667070e-01
3.032800419277615483e-02 6.751052856445312500e+00 1.147367433025352768e-01
3.086605943157845824e-02 6.358078002929687500e+00 1.108817806815410728e-01
3.141366041688492539e-02 5.986907958984375000e+00 1.074396292146489601e-01
3.197097650170950545e-02 5.636497497558593750e+00 1.042134497808914068e-01
3.253818004359197713e-02 5.305847167968750000e+00 1.012050500627469929e-01
3.311544645790212571e-02 4.993980407714843750e+00 9.856994438238704526e-02
3.370295427208910150e-02 4.700004577636718750e+00 9.608104590819409319e-02
3.430088518089351862e-02 4.422966003417968750e+00 9.391261937633833823e-02
3.490942410253914524e-02 4.162170410156250000e+00 9.185918762738161381e-02
3.552875923592109519e-02 3.916923522949218750e+00 9.005579596405080545e-02
3.615908211880919376e-02 3.686393737792968750e+00 8.836676582705951799e-02
3.680058768708330957e-02 3.469902038574218750e+00 8.686467171069174598e-02
3.745347433502023426e-02 3.266815185546875000e+00 8.555935981956840075e-02
3.811794397664951262e-02 3.076530456542968750e+00 8.425646332079293754e-02
3.879420210819820025e-02 2.898384094238281250e+00 8.291009873746532644e-02
3.948245787164349901e-02 2.731750488281250000e+00 8.179840465379657755e-02
4.018292411939242137e-02 2.576148986816406250e+00 8.090748116096867226e-02
4.089581748010965440e-02 2.430847167968750000e+00 7.979178990552927841e-02
4.162135842571251798e-02 2.295486450195312500e+00 7.904729040956273711e-02
4.235977133955526330e-02 2.169288635253906250e+00 7.853894243313710999e-02
4.311128458582235562e-02 2.051864624023437500e+00 7.810058212161018198e-02
4.387613058015331358e-02 1.942535400390625000e+00 7.785598214060449052e-02
4.465454586152050459e-02 1.840797424316406250e+00 7.780696987125816644e-02
4.544677116538175382e-02 1.746147155761718750e+00 7.792944274710938979e-02
4.625305149813135897e-02 1.657913208007812500e+00 7.834441843801398520e-02
4.707363621287134064e-02 1.575660705566406250e+00 7.880562891340631149e-02
4.790877908652738798e-02 1.498817443847656250e+00 7.936035021058611416e-02
4.875873839833294587e-02 1.426887512207031250e+00 7.995894332210437550e-02
4.962377700970524441e-02 1.359382629394531250e+00 8.045832001580460746e-02
5.050416244553912470e-02 1.295814514160156250e+00 8.095461631274494807e-02
5.140016697694234360e-02 1.235832214355468750e+00 8.116638576242245218e-02
5.231206770543948142e-02 1.178878784179687500e+00 8.128379705736255012e-02
5.324014664866900948e-02 1.124641418457031250e+00 8.121337064957730167e-02
5.418469082760118960e-02 1.072761535644531250e+00 8.097817360010890753e-02
5.514599235530336097e-02 1.022979736328125000e+00 8.050571814658183389e-02
5.612434852727950924e-02 9.750976562500000000e-01 7.988734896959984177e-02
5.712006191341329614e-02 9.288253784179687500e-01 7.921601480731736700e-02
5.813344045154151402e-02 8.840103149414062500e-01 7.834441843801398520e-02
5.916479754268844093e-02 8.405609130859375000e-01 7.753684859874690471e-02
6.021445214798896300e-02 7.984085083007812500e-01 7.652163290687395703e-02
6.128272888733177215e-02 7.574462890625000000e-01 7.569461865264101585e-02
6.236995813975267089e-02 7.177429199218750000e-01 7.498575711114244258e-02
6.347647614560830709e-02 6.792831420898437500e-01 7.416733416424814429e-02
6.460262511056358292e-02 6.420440673828125000e-01 7.354754056157317144e-02
6.574875331142288060e-02 6.062698364257812500e-01 7.289631877547469996e-02
6.691521520383963972e-02 5.719375610351562500e-01 7.250277809871322199e-02
6.810237153193672566e-02 5.390777587890625000e-01 7.208063315330442977e-02
6.931058943987097876e-02 5.078506469726562500e-01 7.184208655370906416e-02
7.054024258537801295e-02 4.783630371093750000e-01 7.160274523368499733e-02
7.179171125533045927e-02 4.505538940429687500e-01 7.136260119705120641e-02
7.306538248334727703e-02 4.245223999023437500e-01 7.130912602940892020e-02
7.436165016948875772e-02 4.003448486328125000e-01 7.109482313750506433e-02
7.568091520207553824e-02 3.780212402343750000e-01 7.098742908354002679e-02
7.702358558166907954e-02 3.573989868164062500e-01 7.090677679949744516e-02
7.839007654725076157e-02 3.386230468750000000e-01 7.074519639169857266e-02
7.978081070464078384e-02 3.215637207031250000e-01 7.063727078134814097e-02
8.119621815719411939e-02 3.060607910156250000e-01 7.055621823511110113e-02
8.263673663881643261e-02 2.921371459960937500e-01 7.050213143664080251e-02
8.410281164933861020e-02 2.795181274414062500e-01 7.033962150534807389e-02
8.559489659229392589e-02 2.680969238281250000e-01 7.028536802908820491e-02
8.711345291513943045e-02 2.577972412109375000e-01 7.014955076589050875e-02
8.865895025196418588e-02 2.484817504882812500e-01 7.004070733219182332e-02
9.023186656873073697e-02 2.399368286132812500e-01 6.998622213737858144e-02
9.183268831109187014e-02 2.319793701171875000e-01 6.993169449206311505e-02
9.346191055483081545e-02 2.245330810546875000e-01 6.993169449206311505e-02
9.512003715897038303e-02 2.174148559570312500e-01 6.987712429686843141e-02
9.680758092159756634e-02 2.106056213378906250e-01 6.982251145202920950e-02
9.852506373845401622e-02 2.039451599121093750e-01 6.993169449206311505e-02
1.002730167643385711e-01 1.973762512207031250e-01 6.990441471942687723e-02
1.020519805773749122e-01 1.908645629882812500e-01 6.993169449206311505e-02
1.038625053461919162e-01 1.843490600585937500e-01 6.982251145202920950e-02
1.057051510000710515e-01 1.778526306152343750e-01 6.995896362723560968e-02
1.075804874021124291e-01 1.713752746582031250e-01 6.984982321190494337e-02
1.094890945254718834e-01 1.649665832519531250e-01 6.990441471942687723e-02
1.114315626327264525e-01 1.586151123046875000e-01 6.995896362723560968e-02
1.134084924584201071e-01 1.524047851562500000e-01 6.974051199748876328e-02
1.154204953948500256e-01 1.463813781738281250e-01 6.979518900470951803e-02
1.174681936811470123e-01 1.406364440917968750e-01 6.971315741240136088e-02
1.195522205957118556e-01 1.351585388183593750e-01 6.974051199748876328e-02
1.216732206520654697e-01 1.300735473632812500e-01 6.984982321190494337e-02
1.238318497981726884e-01 1.253833770751953125e-01 6.987712429686843141e-02
1.260287756193039232e-01 1.211509704589843750e-01 6.984982321190494337e-02
1.282646775444941656e-01 1.173820495605468750e-01 7.001347003490203391e-02
1.305402470566659201e-01 1.141014099121093750e-01 7.004070733219182332e-02
1.328561879064800999e-01 1.112823486328125000e-01 7.012235574615718892e-02
1.352132163299794299e-01 1.089229583740234375e-01 7.014955076589050875e-02
1.376120612700953150e-01 1.069850921630859375e-01 7.028536802908820491e-02
1.400534646020821228e-01 1.054477691650390625e-01 7.020390920160714254e-02
1.425381813629533201e-01 1.042079925537109375e-01 7.020390920160714254e-02
1.450669799849858554e-01 1.032238006591796875e-01 7.012235574615718892e-02
1.476406425333686989e-01 1.024332046508789062e-01 7.014955076589050875e-02
1.502599649480674537e-01 1.017446517944335938e-01 7.014955076589050875e-02
1.529257572899786477e-01 1.011095046997070312e-01 7.031250000000000000e-02
1.556388439914530852e-01 1.004381179809570312e-01 7.028536802908820491e-02
1.584000641112615904e-01 9.967517852783203125e-02 7.031250000000000000e-02
1.612102715940864905e-01 9.877777099609375000e-02 7.052918002057730062e-02
1.640703355346144476e-01 9.770345687866210938e-02 7.066426763720914939e-02
1.669811404463162618e-01 9.643602371215820312e-02 7.079909750153069725e-02
1.699435865349950281e-01 9.494972229003906250e-02 7.090677679949744516e-02
1.729585899771859392e-01 9.323644638061523438e-02 7.104114640419223470e-02
1.760270832034975530e-01 9.130907058715820312e-02 7.109482313750506433e-02
1.791500151869771795e-01 8.923637866973876953e-02 7.114845937533978426e-02
1.823283517365950623e-01 8.700883388519287109e-02 7.112164631262939130e-02
1.855630757959326194e-01 8.470436930656433105e-02 7.114845937533978426e-02
1.888551877471716101e-01 8.235347270965576172e-02 7.106798983851661533e-02
1.922057057204763220e-01 8.002519607543945312e-02 7.101429282303844959e-02
1.956156659088629512e-01 7.778930664062500000e-02 7.109482313750506433e-02
1.990861228886577072e-01 7.568573951721191406e-02 7.122883800316590075e-02
2.026181499456374546e-01 7.376480102539062500e-02 7.133586862402216400e-02
2.062128394069585313e-01 7.209825515747070312e-02 7.154944954693047421e-02
2.098713029789742723e-01 7.070350646972656250e-02 7.168261446680690430e-02
2.135946720910437135e-01 6.960010528564453125e-02 7.194820490778852662e-02
2.173840982454432746e-01 6.880569458007812500e-02 7.210708961708879594e-02
2.212407533734825904e-01 6.830644607543945312e-02 7.226562500000000000e-02
2.251658301979418686e-01 6.811332702636718750e-02 7.223922659729269113e-02
2.291605426019361069e-01 6.818866729736328125e-02 7.231839289677194360e-02
2.332261260043253515e-01 6.849098205566406250e-02 7.226562500000000000e-02
2.373638377417855716e-01 6.897258758544921875e-02 7.221281854428183988e-02
2.415749574576553094e-01 6.958389282226562500e-02 7.215997344496549726e-02
2.458607874976845853e-01 7.028961181640625000e-02 7.226562500000000000e-02
2.502226533128010799e-01 7.100677490234375000e-02 7.245014449606018703e-02
2.546619038690257075e-01 7.169151306152343750e-02 7.255537351955745895e-02
2.591799120646568477e-01 7.229042053222656250e-02 7.289631877547469996e-02
2.637780751548583491e-01 7.276535034179687500e-02 7.328774624724108955e-02
2.684578151837806459e-01 7.308387756347656250e-02 7.367709419476568822e-02
2.732205794243451891e-01 7.321357727050781250e-02 7.406439541350992584e-02
2.780678408258351331e-01 7.314014434814453125e-02 7.421875000000000000e-02
2.830010984694232290e-01 7.287883758544921875e-02 7.442405813772519363e-02
2.880218780317835847e-01 7.242965698242187500e-02 7.452650011069887614e-02
2.931317322569287342e-01 7.182025909423828125e-02 7.452650011069887614e-02
2.983322414364148467e-01 7.107639312744140625e-02 7.439842560445668329e-02
3.036250138980702284e-01 7.023429870605468750e-02 7.442405813772519363e-02
3.090116865033906146e-01 6.934356689453125000e-02 7.455208860934497972e-02
3.144939251537626768e-01 6.844711303710937500e-02 7.478199109014314894e-02
3.200734253056647383e-01 6.757831573486328125e-02 7.523968861038368705e-02
3.257519124950103429e-01 6.678771972656250000e-02 7.587079921701184171e-02
3.315311428707947705e-01 6.610298156738281250e-02 7.657146790590882435e-02
3.374129037382053165e-01 6.555080413818359375e-02 7.721639609676092530e-02
3.433990141113725802e-01 6.512737274169921875e-02 7.778245215523389711e-02
3.494913252759222488e-01 6.485271453857421875e-02 7.810058212161018198e-02
3.556917213615130025e-01 6.471347808837890625e-02 7.824697509378956972e-02
3.620021199245267440e-01 6.468009948730468750e-02 7.827134730278859087e-02
3.684244725410999455e-01 6.472396850585937500e-02 7.814941024899435540e-02
3.749607654106759114e-01 6.480789184570312500e-02 7.822259529101870112e-02
3.816130199702614245e-01 6.487560272216796875e-02 7.846605244765884890e-02
3.883832935195862812e-01 6.490039825439453125e-02 7.916784452934079452e-02
3.952736798573482369e-01 6.482219696044921875e-02 8.022090928872206705e-02
4.022863099287516397e-01 6.460762023925781250e-02 8.156489460086367715e-02
4.094233524845281025e-01 6.422138214111328125e-02 8.291009873746532644e-02
4.166870147516534839e-01 6.365394592285156250e-02 8.402978423554278986e-02
4.240795431159637419e-01 6.288719177246093750e-02 8.470800172734938016e-02
4.316032238168773238e-01 6.194114685058593750e-02 8.491041062220373858e-02
4.392603836544490825e-01 6.082344055175781250e-02 8.470800172734938016e-02
4.470533907089614400e-01 5.957317352294921875e-02 8.457279333832408430e-02
4.549846550732867256e-01 5.823802947998046875e-02 8.502265179562076836e-02
4.630566295982424529e-01 5.685043334960937500e-02 8.651263511855508681e-02
4.712718106511651905e-01 5.545616149902343750e-02 8.922596703515953132e-02
4.796327388879498832e-01 5.407619476318359375e-02 9.274773492643567652e-02
4.881420000387779456e-01 5.273056030273437500e-02 9.604133479018943376e-02
4.968022257077936987e-01 5.140495300292968750e-02 9.810444027245593390e-02
5.056160941869596304e-01 5.004119873046875000e-02 9.827926269850878471e-02
5.145863312843560466e-01 4.856300354003906250e-02 9.706854406085295428e-02
5.237157111671758569e-01 4.685306549072265625e-02 9.667475524034829792e-02
5.330070572196692336e-01 4.476737976074218750e-02 1.009030574460116347e-01
5.424632429163182001e-01 4.213523864746093750e-02 1.120283624976561448e-01
5.520871927104927801e-01 3.880596160888671875e-02 1.275526708379351171e-01
5.618818829388820824e-01 3.465080261230468750e-02 1.391798574321864712e-01
5.718503427419633356e-01 2.963018417358398438e-02 1.366070972659821081e-01
5.819956550008054119e-01 2.385091781616210938e-02 1.208098991733758953e-01
5.923209572904940545e-01 1.763296127319335938e-02 1.656360550555796007e-01
6.028294428504650249e-01 1.161956787109375000e-02 3.707029191911968002e-01
6.135243615720610277e-01 6.882190704345703125e-03 7.556271849443699784e-01
6.244090210036009614e-01 5.075454711914062500e-03 1.367499964293875214e+00
6.354867873732854555e-01 8.584976196289062500e-03 2.281166388664675360e+00
6.467610866302501149e-01 2.073717117309570312e-02 3.593009540735239149e+00
6.582354055040829932e-01 4.599332809448242188e-02 5.422907046723403290e+00
6.699132925831473573e-01 9.020280838012695312e-02 7.915953942055508286e+00
6.817983594120253787e-01 1.608772277832031250e-01 1.124692679920865324e+01
6.938942816084432419e-01 2.674579620361328125e-01 1.562334744678985921e+01
7.062047999999999659e-01 4.216589927673339844e-01 2.128975862537337704e+01
